0 40132
1 40023
2 39804
3 40063
4 39914
5 39953
6 39869
7 40067
8 39979
9 39921
10 39937
11 39883
12 40038
13 39863
14 40568
15 40017
16 40065
17 39344
18 39906
19 39777
20 39714
21 39879
22 39770
23 39856
24 39909
25 40020
26 40301
27 39373
28 39953
29 40195
30 49845
31 49874
32 49704
33 50109
34 49396
35 49825
36 50055
37 49910
38 49752
39 49925
40 50230
41 49977
42 50108
43 50084
44 49994
45 49951
46 50003
47 50202
48 49913
49 49946
50 49850
51 49705
52 50001
53 50147
54 50200
55 50122
56 49828
57 49910
58 49815
59 50063
60 70273
61 70224
62 69940
63 69899
64 70286
65 70546
66 69937
67 70403
68 70156
69 69511
70 69618
71 69847
72 69670
73 70285
74 69336
75 69909
76 70065
77 70458
78 69827
79 70055
80 69991
81 69707
82 69487
83 70098
84 70459
85 70370
86 69614
87 70565
88 70099
89 70195
90 79576
91 80056
92 79949
93 79753
94 80071
95 79904
96 80091
97 79870
98 80825
99 79764
100 79585
101 79800
102 80200
103 79989
104 79958
105 80114
106 79885
107 80158
108 80021
109 80200
110 80007
111 79647
112 79994
113 80195
114 80520
115 80054
116 79945
117 80773
118 79567
119 80086
120 59688
121 60198
122 59574
123 60032
124 59908
125 59958
126 59928
127 59593
128 60080
129 59808
130 59680
131 60141
132 60200
133 59820
134 59852
135 60080
136 59653
137 60445
138 60059
139 60098
140 60287
141 59808
142 59651
143 60123
144 59954
145 59499
146 60268
147 60352
148 60030
149 59600
150 39993
151 40004
152 40325
153 40141
154 39864
155 39839
156 40079
157 39995
158 40198
159 39828
160 40171
161 40117
162 39817
163 40170
164 40507
165 40157
166 40092
167 40028
168 39716
169 40134
170 40064
171 39812
172 40092
173 40216
174 39836
175 39828
176 40171
177 40117
178 39817
179 40170