0 23300
1 23290
2 23180
3 22890
4 24000
5 24140
6 23110
7 24280
8 24430
9 24250
10 24050
11 24400
12 23460
13 23040
14 22996
15 21573
16 22891
17 22310
18 21270
19 21930
20 19950
21 18260
22 15520
23 12630
24 19829
25 20531
26 20080
27 21146
28 21112
29 20562
30 21810
31 21430
32 21210
33 21100
34 20510
35 19930
36 19770
37 19039
38 19501
39 19420
40 19180
41 18828
42 18402
43 18430
44 19555
45 19485
46 18700
47 20630
48 20820
49 20360
50 18330
51 20820
52 20023
53 20237
54 21350
55 21470
56 22320
57 22130
58 21930
59 16589
60 20111
61 21360
62 17090
63 15608
64 17392
65 15110
66 16340
67 16968
68 12612
69 17940
70 21900
71 21500
72 21619
73 20691
74 22040
75 21860
76 20250
77 21210
78 21820
79 21760
80 21570
81 21080
82 21100
83 20690
84 21880
85 22500
86 22160
87 21070
88 21480
89 20018
90 20862
91 20980
92 20960
93 20890
94 20889
95 21271
96 20890
97 20720
98 21820
99 20700
100 21550
101 21160
102 20990
103 21000
104 21560
105 19540
106 20290
107 20620
108 21310
109 21390
110 21180
111 20728
112 20862
113 21700
114 21190
115 21820
116 21480
117 22040
118 21200
119 22320
120 21930
121 21750
122 21940
123 21570
124 20728
125 20512
126 21540
127 22460
128 20680
129 20859
130 21331
131 21410
132 20640
133 20968
134 20572
135 21570
136 21440
137 22350
138 23050
139 22400
140 22280
141 21940
142 22009
143 22031
144 22440
145 22340
146 23310
147 23360
148 23200
149 23770
150 23450
151 21400
152 22560
153 22340
154 22490
155 22190
156 22720
157 22560
158 22510
159 22910
160 22190
161 22640
162 23220
163 22550
164 22349
165 21261
166 20000
167 21680
168 21140
169 20110
170 20670
171 20410
172 17500
173 13570
174 14530
175 18974
176 20803
177 17502
178 19651
179 19610
180 19156
181 18422
182 19982
183 20610
184 19153
185 16249
186 22484
187 23963
188 21851
189 22497
190 22586
191 23077
