0 24281
1 26706
2 27378
3 26444
4 28635
5 24235
6 26231
7 23381
8 25691
9 27263
10 26358
11 24937
12 26949
13 26593
14 25096
15 23599
16 27795
17 23924
18 26718
19 24216
20 25062
21 28092
22 36436
23 25648
24 27235
25 23924
26 27254
27 25649
28 26222
29 27470
30 25447
31 35441
32 24423
33 24796
34 25221
35 25786
36 24215
37 30252
38 21852
39 28007
40 28477
41 25898
42 26671
43 35520
44 25376
45 25054
46 23012
47 24452
48 24205
49 31795
50 25165
51 26499
52 50111
53 23683
54 23674
55 23717
56 24627
57 24630
58 30104
59 24760
60 28168
61 24547
62 24745
63 26965
64 23327
65 23548
66 25942
67 26642
68 28207
69 23540
70 28250
71 24508
72 23481
73 24390
74 24168
75 28821
76 27040
77 24338
78 22312
79 27200
80 24591
81 22312
82 26066
83 25384
84 26823
85 24212
86 44229
87 24459
88 24190
89 28464
90 24787
91 24842
92 24432
93 27116
94 25329
95 26844
96 25982
97 27094
98 23425
99 25413
100 24915
101 23372
102 24123
103 30583
104 24147
105 41068
106 22830
107 45714
108 28718
109 25531
110 25604
111 22411
112 25774
113 24999
114 23977
115 39713
116 26601
117 23315
118 25434
119 28659
120 25226
121 26598
122 24537
123 27098
124 26276
125 28538
126 24260
127 25038
128 26225
129 32168
130 24926
131 25983
132 28453
133 24877
134 28081
135 25442
136 25424
137 24019
138 24454
139 23279
140 25928
141 24593
142 27027
143 22644
144 25260
145 24929
146 24452
147 23570
148 24552
149 27906
150 29752
151 22911
152 25213
153 27381
154 29511
155 23321
156 33032
157 25831
158 22504
159 24589
160 24362
161 24570
162 29608
163 24211
164 27076
165 23316
166 26046
167 29425
168 35914
169 26007
170 23391
171 23670
172 24910
173 24735
174 27753
175 23620
176 29271
177 22838
178 26260
179 23560
180 25226
181 24444
182 27908
183 28736
184 24355
185 28885
186 27608
187 28969
188 31703
189 23234
190 27145
191 26326
192 23107
193 26623
194 25572
195 23887
196 24669
197 33922
198 26695
199 23135
200 24044
201 23720
202 23181
203 26465
204 23527
205 49919
206 24005
207 26349
208 25335
209 25232
210 26236
211 27077
212 24882
213 25378
214 24908
215 26916
216 28221
217 31125
218 26291
219 23793
220 26836
221 23744
222 27153
223 27632
224 25806
225 27045
226 27017
227 24559
228 27342
229 26731
230 25359
231 27948
232 26222
233 23854
234 23284
235 39108
236 30793
237 27431
238 25947
239 23311
240 28245
241 24953
242 24201
243 27297
244 24339
245 22849
246 23867
247 25758
248 23635
249 27897
250 24382
251 26814
252 24266
253 24331
254 54683
255 23783
256 27682
257 26680
258 22384
259 37665
260 24368
261 32040
262 27231
263 39798
264 25518
265 23827
266 24242
267 24579
268 25690
269 22097
270 21665
271 23714
272 24176
273 24859
274 24972
275 23912
276 30627
277 23018
278 25509
279 24407
280 26642
281 25847
282 27473
283 32336
284 24671
285 26350
286 28216
287 25451
288 25391
289 32453
290 26042
291 25136
292 28790
293 26401
294 24190
295 23614
296 23796
297 24530
298 27731
299 24500
300 24957
301 28587
302 39512
303 26641
304 25638
305 22790
306 26971
307 29327
308 27355
309 24943
310 23246
311 24925
312 24675
313 25325
314 30034
315 30665
316 25653
317 25265
318 28193
319 25470
320 23381
321 24231
322 25443
323 23246
324 22841
325 28555
326 27770
327 24214
328 27877
329 26895
330 26697
331 23383
332 25607
333 25203
334 31345
335 25299
336 23233
337 28330
338 23367
339 26829
340 23712
341 24908
342 24660
343 42214
344 27180
345 30203
346 24696
347 25986
348 22006
349 30570
350 22649
351 23668
352 28898
353 24441
354 38952
355 25608
356 24574
357 29705
358 30145
359 26790
360 26599
361 23887
362 24770
363 29507
364 27047
365 32891
366 26086
367 27735
368 27087
369 27325
370 25706
371 25100
372 24470
373 26185
374 26241
375 28045
