0 5002
1 4957
2 5025
3 3401
4 3325
5 3378
6 4602
7 4549
8 4442
9 4175
10 4174
11 4282
12 4210
13 4218
14 4226
15 7777
16 7687
17 7598
18 3369
19 3356
20 3320
21 3296
22 3314
23 3332
24 3278
25 3334
26 3396
27 3405
28 3323
29 3380
30 3576
31 3658
32 3589
33 5469
34 5426
35 5581
36 8243
37 8291
38 8249
39 5867
40 6024
41 5937
42 8408
43 8246
44 8325
45 6680
46 6535
47 6662
48 6375
49 6459
50 6360
51 4045
52 4158
53 4146
54 3665
55 3598
56 3677
57 3322
58 3324
59 3335
60 4236
61 4368
62 4250
63 5908
64 5851
65 5957
66 3731
67 3696
68 3728
69 3904
70 3769
71 3821
72 3393
73 3531
74 3424
75 3941
76 3957
77 3959
78 8088
79 8068
80 7988
81 6152
82 6305
83 6321
84 4603
85 4551
86 4538
87 4208
88 4236
89 4130
90 5143
91 5163
92 5158
93 5147
94 5282
95 5157
96 6027
97 5991
98 5954
99 7883
100 7942
101 7905
102 13202
103 13391
104 13484
105 9924
106 9704
107 9723
108 8458
109 8335
110 8406
111 12787
112 12808
113 12980
114 30309
115 30099
116 30170
117 33945
118 34108
119 33798
120 33449
121 33215
122 33551
123 20242
124 20047
125 20088
126 12918
127 12785
128 12854
129 13366
130 13407
131 13360
132 11694
133 11313
134 11413
135 14917
136 14809
137 14756
138 21729
139 22050
140 21930
141 23442
142 23308
143 23502
144 28190
145 28352
146 28451
147 25854
148 25669
149 25675
150 27340
151 27241
152 27417
153 23567
154 23709
155 23484
156 25431
157 25502
158 25790
159 18571
160 18800
161 18682
162 21611
163 21151
164 21465
165 17853
166 17915
167 17814
168 6846
169 6994
170 6926
171 7194
172 7208
173 7402
174 6127
175 6009
176 6141
177 4169
178 3896
179 4046
180 3346
181 3273
182 3413
183 3262
184 3269
185 3306
186 4020
187 3960
188 4005
189 3911
190 3939
191 3878
192 4518
193 4510
194 4539
195 4740
196 4690
197 4698
198 6021
199 5911
200 5891
201 9891
202 9945
203 10109
204 12420
205 12336
206 12619
207 10984
208 10988
209 10784
210 12499
211 12579
212 12646
213 11606
214 11488
215 11672
216 11005
217 11271
218 10914
219 12072
220 12065
221 11829
222 16912
223 16861
224 16934
225 29688
226 29659
227 29773
228 16614
229 16617
230 16662
231 12429
232 12368
233 12656
234 7487
235 7388
236 7403
237 5685
238 5538
239 5554
240 5589
241 5528
242 5578
243 7815
244 7796
245 7805
246 5757
247 5902
248 5901
249 5426
250 5557
251 5572
252 3363
253 3402
254 3398
255 3330
256 3262
257 3371
258 3381
259 3252
260 3405
261 5416
262 5474
263 5379
264 6073
265 6235
266 6093
267 7485
268 7598
269 7511
270 10652
271 10553
272 10658
273 10832
274 10899
275 11152
276 15285
277 15126
278 15276
279 19064
280 19070
281 19163
282 20237
283 20497
284 20365
285 44673
286 45051
287 44800
288 48630
289 49042
290 49322
291 45808
292 45898
293 45592
294 20300
295 20236
296 19911
297 20222
298 20090
299 20150
300 17406
301 17410
302 17484
303 15977
304 15800
305 15903
306 7070
307 7066
308 7131
309 5327
310 5256
311 5304
312 4063
313 4010
314 3914
315 4712
316 4665
317 4592
318 3996
319 3963
320 3919
321 4363
322 4393
323 4236
324 4387
325 4345
326 4275
327 7276
328 7107
329 7035
330 7743
331 7738
332 7804
333 12910
334 12912
335 13002
336 7160
337 7199
338 7084
339 6979
340 7056
341 7037
342 7103
343 7223
344 7079
345 17489
346 17603
347 17768
348 15170
349 15009
350 15126
351 19781
352 19623
353 19693
354 10300
355 10385
356 10162
357 11219
358 11190
359 11417
360 18611
361 18230
362 18159
363 28557
364 28738
365 28373
366 18065
367 17926
368 18339
369 10725
370 10559
371 10861
372 15808
373 15917
374 15741
375 18404
376 18511
377 18332
378 26689
379 26820
380 26642
381 26351
382 26496
383 26353
384 21465
385 21487
386 21268
387 16346
388 16232
389 16354
390 27097
391 27119
392 26852
393 13090
394 13020
395 13143
396 16687
397 16707
398 16680
399 10316
400 10257
401 10232
402 11583
403 11717
404 11497
405 8757
406 8732
407 8786
408 3319
409 3317
410 3379
411 7392
412 7429
413 7328
414 6932
415 7013
416 6962
417 9418
418 9584
419 9588
420 8206
421 8084
422 7998
