0 24038
1 24681
2 24409
3 23244
4 25737
5 24192
6 26664
7 25094
8 24483
9 26617
10 23119
11 23589
12 23272
13 23800
14 23896
15 26855
16 23766
17 25959
18 25574
19 25213
20 25105
21 33759
22 23559
23 27371
24 26472
25 26198
26 27244
27 24095
28 25514
29 26448
30 28995
31 27723
32 23753
33 23718
34 25444
35 29570
36 29263
37 23343
38 24063
39 24640
40 25149
41 22390
42 25762
43 24841
44 26688
45 23427
46 22631
47 24724
48 24184
49 26797
50 25380
51 25110
52 26516
53 25226
54 24399
55 23649
56 25095
57 25260
58 25430
59 25463
60 26704
61 24850
62 30257
63 28047
64 27886
65 27319
66 25553
67 25217
68 24041
69 25453
70 25967
71 26607
72 27095
73 25469
74 25538
75 25813
76 25807
77 22687
78 23396
79 25285
80 27577
81 25985
82 24052
83 24010
84 25818
85 30936
86 23842
87 24263
88 25400
89 26925
90 26136
91 26440
92 26533
93 24752
94 25096
95 25624
96 30929
97 23562
98 23016
99 27766
100 28391
101 23972
102 24785
103 31136
104 23817
105 25627
106 24847
107 26234
108 24532
109 24491
110 27750
111 25474
112 25357
113 26002
114 26869
115 22693
116 25452
117 28867
118 24748
119 24755
120 24469
121 25195
122 25063
123 26475
124 26366
125 25269
126 28603
127 24545
128 24687
129 25212
130 24999
131 25678
132 25771
133 26647
134 24546
135 25315
136 24161
137 23739
138 25446
139 24787
140 23373
141 23587
142 28634
143 27195
144 25680
145 25196
146 25713
147 25026
148 24383
149 24329
150 24320
151 25764
152 24636
153 27198
154 24379
155 24541
156 24991
157 23213
158 23262
159 26025
160 26952
161 22592
162 24214
163 26005
164 24229
165 28688
166 28105
167 28636
168 27791
169 24947
170 31330
171 25984
172 26420
173 22626
174 25228
175 27091
176 25106
177 24331
178 25889
179 24620
180 23493
181 25598
182 24489
183 24624
184 25331
185 24370
186 24537
187 24578
188 23267
189 26327
190 25349
191 24697
192 27262
193 25949
194 22461
195 28212
196 24788
197 25719
198 24098
199 24717
200 25166
201 23286
202 24933
203 25443
204 24932
205 24119
206 25348
207 25930
208 25163
209 25621
210 24576
211 24431
212 23718
213 23440
214 23349
215 25380
216 23789
217 24810
218 23997
219 28345
220 28742
221 24873
222 26270
223 22645
224 26592
225 26142
226 27597
227 26019
228 24793
229 24574
230 24491
231 23851
232 23606
233 25673
234 24969
235 26434
236 25429
237 23879
238 25297
239 25139
240 25754
241 25942
242 24475
243 26838
244 28934
245 23074
246 24534
247 25382
248 25346
249 24180
250 25759
251 57427
252 23194
253 25688
254 26501
255 24910
256 25088
257 26640
258 26578
259 27305
260 25167
261 28075
262 24800
263 22014
264 25081
265 23570
266 23928
267 23556
268 24652
269 25147
270 25202
271 24217
272 23456
273 24903
274 25676
275 29038
276 33879
277 25213
278 24837
279 25427
280 24680
281 26929
282 28533
283 25141
284 25580
285 23032
286 24829
287 24674
288 23204
289 26509
290 25201
291 23125
292 26167
293 26358
294 24719
295 25595
296 26152
297 26237
298 28097
299 25583
300 25726
301 26432
302 22547
303 26005
304 24500
305 26395
306 38403
307 22863
308 24118
309 24189
310 26111
311 24876
312 24332
313 24064
314 24939
315 26288
316 23746
317 27725
318 23773
319 23267
320 29396
321 24648
322 25483
323 24085
324 24415
325 29499
326 24343
327 25942
328 29372
329 26856
330 24457
331 23870
332 29271
333 25603
334 23164
335 24688
336 23673
337 29244
338 23562
339 24994
340 24282
341 23625
342 30458
343 28396
344 25078
345 24018
346 27023
347 27524
348 26214
349 24565
350 25084
351 27002
352 24124
353 32194
354 25422
355 27466
356 23525
357 24255
358 25484
359 26068
360 26748
361 26680
362 25237
363 33675
364 26159
365 23959
366 24187
367 24775
368 24953
369 26969
370 23963
371 25985
372 25131
373 25644
374 24048
375 23082
376 26149
377 28478
378 26461
379 23798
380 23864
381 26052
382 25852
383 26663
384 23838
385 24750
386 22922
387 25531
388 23751
389 23649
