0 26596
1 23165
2 23222
3 37882
4 35523
5 24799
6 26510
7 24279
8 26454
9 22265
10 30145
11 26063
12 26931
13 26749
14 21156
15 21659
16 27825
17 25334
18 28381
19 23965
20 21132
21 23697
22 25060
23 22691
24 22361
25 29815
26 26491
27 32876
28 23770
29 24600
30 20982
31 21662
32 29268
33 20594
34 26632
35 23859
36 23952
37 24414
38 27953
39 26244
40 23997
41 24737
42 28116
43 23998
44 28837
45 26283
46 26338
47 27294
48 27721
49 24406
50 23001
51 23649
52 26798
53 26333
54 22605
55 26066
56 24527
57 26638
58 22709
59 23721
60 27628
61 22656
62 23586
63 23665
64 26118
65 23352
66 24795
67 24212
68 22887
69 92980
70 24061
71 23908
72 47224
73 25257
74 21087
75 30526
76 28404
77 25743
78 27328
79 23886
80 23050
81 34579
82 27096
83 24738
84 36207
85 32051
86 29623
87 24728
88 32056
89 29299
90 22176
91 25687
92 23771
93 23662
94 23168
95 26738
96 23718
97 21690
98 22084
99 32010
100 28327
101 23695
102 23566
103 24835
104 24149
105 23937
106 24409
107 25144
108 33302
109 30467
110 24001
111 21931
112 23505
113 27321
114 23722
115 22273
116 22239
117 22543
118 22778
119 28836
120 29689
121 21642
122 40084
123 28335
124 22347
125 28320
126 23531
127 26289
128 31604
129 24086
130 22939
131 24362
132 22896
133 22933
134 20820
135 23470
136 38841
137 24485
138 28304
139 28553
140 24401
141 23412
142 26627
143 23104
144 22279
145 36080
146 24130
147 24275
148 26325
149 25615
150 25005
151 24160
152 28481
153 22981
154 20958
155 29664
156 22899
157 29184
158 24418
159 23487
160 19964
161 20050
162 24371
163 22941
164 23549
165 28203
166 22891
167 27211
168 21803
169 25702
170 21431
171 35461
172 22374
173 25708
174 31559
175 26361
176 20943
177 20929
178 22776
179 24446
180 21869
181 26092
182 28723
183 21813
184 21382
185 20372
186 24832
187 25161
188 23412
189 24000
190 24167
191 22554
192 91836
193 22970
194 21690
195 24017
196 27248
197 23521
198 25828
199 24802
200 23538
201 24253
202 23310
203 25300
204 26229
205 25891
206 29189
207 24950
208 23266
209 23078
210 24794
211 22784
212 21193
213 29067
214 24213
215 24947
216 21461
217 21707
218 19856
219 26196
220 28351
221 23938
222 23255
223 24315
224 21849
225 30791
226 27093
227 26772
228 23044
229 22410
230 23654
231 25758
232 26880
233 23561
234 21569
235 25661
236 28599
237 20362
238 24863
239 21213
240 22018
241 21163
242 32117
243 23961
244 22812
245 31576
246 28911
247 22115
248 22050
249 31239
250 27823
251 20579
252 37631
253 28256
254 26182
255 27393
256 28098
257 23487
258 27477
259 25709
260 22880
261 22026
262 27647
263 24476
264 30403
265 22746
266 21845
267 26695
268 25334
269 24118
270 27031
271 28249
272 23567
273 23295
274 23813
275 27103
276 25181
277 19944
278 24355
279 23130
280 24678
281 29175
282 24864
283 30345
284 25060
285 25850
286 30120
287 29219
288 24141
289 26704
290 25272
291 24573
292 23982
293 24513
294 22655
295 24686
296 25814
297 29017
298 21452
299 24688
300 31016
301 24507
302 22091
303 21591
304 26434
305 26333
306 22885
307 23783
308 27429
309 22875
310 25727
311 24684
312 28566
313 22997
314 26132
315 34735
316 24645
317 26509
318 30281
319 21040
320 20794
321 22959
322 22790
323 25296
324 23943
325 25020
326 21700
327 22126
328 34371
329 27324
330 22597
331 27439
332 41192
333 21742
334 26395
335 25067
336 23072
337 25312
338 23186
339 30688
340 23428
341 23810
342 27241
343 22090
344 22851
345 29580
346 23768
347 23315
348 28871
349 23213
350 26465
351 25337
352 23513
353 25434
354 31592
355 22202
356 23657
357 27303
358 24918
359 24469
360 26476
361 24809
362 22645
363 22317
364 23517
365 22434
366 99622
367 44338
368 22457
369 26791
370 51150
371 22527
372 23935
373 27566
374 25730
375 22274
376 24757
377 21668
378 23749
379 27887
380 23678
381 24951
382 24788
383 24887
