0 30347
1 40446
2 39748
3 35829
4 32572
5 34415
6 25978
7 30990
8 33380
9 25643
10 22014
11 45762
12 39449
13 50188
14 35656
15 11408
16 27886
17 51651
18 40193
19 43248
20 38233
21 25960
22 18628
23 22652
24 24488
25 40385
26 37294
27 17720
28 39770
29 32702
30 35120
31 45214
32 35661
33 30968
34 27165
35 32459
36 21712
37 37018
38 20025
39 22110
40 31236
41 36179
42 20861
43 19319
44 34469
45 37402
46 31404
47 15693
48 35147
49 30776
50 32851
51 34611
52 18071
53 19757
54 19129
55 35352
56 26020
57 36896
58 26419
59 26330
60 36948
61 23961
62 31417
63 19002
64 25261
65 25545
66 23797
67 29836
68 48325
69 24621
70 26578
71 38737
72 23938
73 28067
74 32022
75 29078
76 12439
77 24539
78 35531
79 29155
80 32774
81 32867
82 33978
83 42654
84 24758
85 25047
86 29235
87 31091
88 31491
89 23562
90 23259
91 27263
92 27662
93 23464
94 38383
95 12753
96 27373
97 32062
98 17007
99 23423
100 34219
101 30221
102 24239
103 28351
104 31869
105 23597
106 33210
107 24943
108 41893
109 33753
110 23716
111 33278
112 36619
113 38795
114 34556
115 20721
116 36182
117 33959
118 19253
119 23616
120 18024
121 28859
122 34501
123 31130
124 24383
125 38840
126 25011
127 23220
128 34987
129 29498
130 44657
131 30529
132 15735
133 25619
134 20221
135 43066
136 37086
137 36210
138 31329
139 29094
140 27363
141 20494
142 21657
143 17771
144 31584
145 29183
146 49157
147 37605
148 23996
149 22072
150 15236
151 22912
152 14804
153 24097
154 33198
155 28528
156 27197
157 23556
158 35180
159 16648
160 27968
161 20540
162 20079
163 26196
164 32520
165 37339
166 25617
167 39842
168 28519
169 22287
170 29282
171 36544
172 45175
173 31471
174 26012
175 28146
176 33069
177 25976
178 25657
179 15411
180 28512
181 28849
182 32076
183 39876
184 26202
185 38441
186 24751
187 33556
188 19246
189 18734
190 32957
191 27303
192 24430
193 25197
194 25633
195 22797
196 51925
197 20826
198 25360
199 43167
200 31565
201 13554
202 26688
203 46370
204 27463
205 19784
206 27347
207 30084
208 31552
209 21403
210 38162
211 31733
212 29786
213 34442
214 36981
215 29074
216 35514
217 27101
218 32845
219 32665
220 28732
221 30664
222 32429
223 33318
224 31044
225 17683
226 27509
227 31096
228 13090
229 21025
230 19230
231 30174
232 20483
233 30914
234 36693
235 23142
236 18838
237 39009
238 24230
239 39998
240 39434
241 26422
242 17677
243 27350
244 35330
245 30843
246 35621
247 27606
248 48633
249 17484
250 28451
251 39504
252 20423
253 33887
254 27813
255 27105
256 37499
257 39431
258 26698
259 34974
260 47725
261 24575
262 34927
263 18477
264 38289
265 26521
266 37255
267 17755
268 40014
269 23038
270 21834
271 32898
272 25746
273 20312
274 23867
275 29181
276 18304
277 22865
278 21530
279 33875
280 34427
281 25051
282 35897
283 41080
284 26358
285 19632
286 36825
287 19050
288 30343
289 37632
290 30639
291 38438
292 24009
293 16041
294 30958
295 33791
296 35181
297 36638
298 36397
299 14809
300 25980
301 23039
302 30540
303 25982
304 31229
305 36843
306 37987
307 42158
308 29553
309 26522
310 25408
311 24644
312 33068
313 26516
314 16739
315 32625
316 31801
317 25111
318 36756
319 38802
320 16051
321 34119
322 31220
323 42365
324 24730
325 27439
326 33136
327 40741
328 35072
329 34994
330 39142
331 26601
332 27599
333 41037
334 21178
335 41200
336 41857
