0 13805
1 23957
2 7817
3 14168
4 29905
5 50486
6 36673
7 29219
8 46709
9 14417
10 15854
11 18809
12 20272
13 25961
14 32469
15 47441
16 34424
17 29485
18 21678
19 22535
20 31181
21 47401
22 12216
23 58140
24 12490
25 17360
26 22672
27 25762
28 17908
29 46517
30 30417
31 25534
32 40095
33 47762
34 43300
35 36587
36 36669
37 16191
38 21378
39 31505
40 26120
41 40976
42 17971
43 22766
44 26344
45 39976
46 38535
47 41421
48 23871
49 34645
50 21425
51 15935
52 34285
53 47153
54 14306
55 41194
56 25972
57 23391
58 38808
59 13729
60 21233
61 20056
62 28789
63 51506
64 27633
65 37058
66 27028
67 24512
68 57445
69 29048
70 29731
71 25073
72 45382
73 34503
74 31442
75 23317
76 49647
77 25795
78 29600
79 21440
80 48178
81 51725
82 14420
83 36295
84 42014
85 20334
86 27817
87 28136
88 32126
89 42877
90 31991
91 17846
92 46829
93 35039
94 27669
95 36753
96 26751
97 30633
98 17341
99 41938
100 21040
101 22298
102 31485
103 25141
104 28220
105 29030
106 48497
107 42594
108 28790
109 13924
110 21621
111 40619
112 43456
113 43876
114 18541
115 17072
116 29091
117 23228
118 13452
119 41360
120 28949
121 21473
122 30548
123 32683
124 38458
125 21918
126 29020
127 15038
128 47349
129 30095
130 51085
131 58865
132 10849
133 43921
134 31353
135 23847
136 28710
137 20108
138 43280
139 23922
140 29311
141 23006
142 15148
143 34027
144 25058
145 36238
146 42020
147 38125
148 9514
149 33222
150 38394
151 33512
152 39482
153 15628
154 40387
155 26830
156 13146
157 23386
158 28776
159 35143
160 28206
161 33104
162 19004
163 27715
164 20946
165 32767
166 27422
167 27531
168 35576
169 22935
170 21153
171 35916
172 35164
173 26805
174 20219
175 29739
176 21401
177 19138
178 38976
179 37803
180 36293
181 20285
182 40683
183 22612
184 52226
185 28901
186 33366
187 16988
188 18616
189 52489
190 26159
191 12298
192 45465
193 20344
194 19782
195 34741
196 25078
197 17739
198 39306
199 33952
200 28039
201 45957
202 31599
203 17827
204 49604
205 10678
206 32188
207 28340
208 19749
209 39407
210 41114
211 39091
212 48621
213 23659
214 30340
215 21942
216 45695
217 19000
218 34218
219 47447
220 33615
221 23575
222 42744
223 22837
224 36572
225 29334
226 53019
227 22503
228 37065
229 60802
230 19105
231 22497
232 47869
233 25455
234 19966
235 38595
236 17246
237 27824
238 28906
239 26050
240 12335
241 34085
242 12618
243 19176
244 32055
245 10394
246 32600
247 26719
248 13795
249 17085
250 46411
251 15272
252 29899
253 30598
254 32502
255 22608
256 25780
257 45640
258 29165
259 41501
260 43247
261 19815
262 28453
263 28013
264 15462
265 32656
266 35072
267 28647
268 47726
269 39597
270 19880
271 19182
272 13112
273 18791
274 29844
275 22116
276 28374
277 56840
278 41088
279 32297
280 59426
281 49037
282 26798
283 14171
284 24424
285 22589
286 18839
287 28128
288 51352
289 20921
290 28637
291 33932
292 38092
293 39606
294 41318
295 27847
296 15208
297 34803
298 30322
299 61217
300 32138
301 34371
302 24353
303 28481
304 21311
305 28910
306 19403
307 37089
308 27266
309 36067
310 46326
311 29049
312 28854
313 32580
314 23356
315 22133
316 48938
317 47172
318 9503
319 19576
320 43245
321 17090
322 39689
323 31208
324 22537
325 29461
326 16522
327 31850
328 30359
329 24493
330 25208
