0 15200
1 16140
2 20080
3 20370
4 21063
5 19617
6 20388
7 19782
8 11840
9 12850
10 16760
11 16699
12 15871
13 13594
14 11212
15 9353
16 12961
17 14680
18 11900
19 15780
20 14089
21 13251
22 15764
23 16746
24 15768
25 13232
26 14800
27 12530
28 10607
29 15623
30 10322
31 13048
32 15506
33 18644
34 19180
35 18920
36 16000
37 14098
38 14112
39 19010
40 20750
41 20080
42 20519
43 20861
44 20230
45 20450
46 20740
47 19520
48 19470
49 19430
50 19860
51 20580
52 20180
53 19400
54 18170
55 17449
56 14411
57 15300
58 14840
59 14918
60 18282
61 19520
62 20540
63 21140
64 21710
65 19680
66 13720
67 19880
68 19189
69 12551
70 19970
71 19940
72 19000
73 16770
74 18549
75 19431
76 18423
77 19687
78 19280
79 19770
80 19205
81 19095
82 20890
83 21562
84 21568
85 21150
86 21060
87 21110
88 21260
89 21490
90 21780
91 21590
92 21740
93 21010
94 19750
95 18710
96 12590
97 12780
98 12906
99 10663
100 11941
101 11860
102 11561
103 15759
104 16550
105 13469
106 12251
107 15674
108 15056
109 16469
110 14621
111 18750
112 18180
113 17320
114 18700
115 14050
116 17200
117 17230
118 17890
119 16100
120 14730
121 17046
122 17642
123 16832
124 18650
125 19220
126 20640
127 18230
128 17932
129 17438
130 20880
131 20449
132 16991
133 13733
134 16697
135 16200
136 20570
137 17540
138 13395
139 15275
140 19439
141 19751
142 19660
143 19810
144 18219
145 12141
146 12720
147 19550
148 19888
149 19362
150 19870
151 19690
152 19630
153 19689
154 19221
155 19630
156 20020
157 20210
158 20460
159 20090
160 19550
161 18280
162 19930
163 20470
164 19870
165 19900
166 19909
167 19961
168 17790
169 10630
170 12738
171 11602
172 13373
173 14457
174 15040
175 10759
176 11531
177 17960
178 16880
179 18780
180 18550
181 19403
182 19837
183 17218
184 16192
185 16440
186 16650
187 19210
188 20279
189 20211
190 20010
191 19806
192 20194
193 19720
194 19400
195 20010
196 20420
197 20230
198 19760
199 19720
200 20090
201 20340
202 21030
203 20650
204 20510
205 21610
206 21560
207 21020
208 20480
209 20440
210 20820
211 20480
212 19730
213 20310
214 20449
215 19441
216 19670
217 19840
218 20670
219 20570
220 20260
221 19960
222 19510
223 18610
224 17000
225 17860
226 18730
227 19030
228 18220
229 18890
230 18300
231 19349
232 19341
233 19270
234 19666
235 19074
236 19260
237 18950
238 18920
239 19710
240 20390
241 18990
242 19610
243 20660
244 20780
245 19680
246 20087
247 20173
248 20000
249 19570
250 19440
251 19919
252 19211
253 18410
254 20040
255 19960
256 19770
257 20140
258 19370
259 20220
260 19050
261 19790
262 19080
263 19510
264 19550
265 19130
266 19050
267 18894
268 18842
269 20104
270 20420
271 19540
272 19850
273 19677
274 19273
275 19980
276 19720
277 20310
278 21240
279 18960
280 17010
281 18296
282 15804
283 16060
284 19070
285 18785
286 19322
287 20472
288 20381
289 19980
290 20266
291 20644
292 16290
293 12783
294 15202
295 18185
296 18930
297 15270
298 10950
299 12857
300 15352
301 16841
302 17610
303 17120
304 16628
305 16752
306 16070
307 15605
308 15885
309 14510
310 12740
311 12120
312 10627
313 11553
314 13380
315 12820
316 15416
317 17034
318 17140
319 17490
320 17875
321 17125
322 17629
323 18701
324 18920
325 19280
326 19589
327 19121
328 19940
329 20620
330 19430
331 19410
332 20450
333 19830
334 16370
335 14660
336 15110
337 15460
338 16450
339 19588
340 18632
341 19790
342 19765
343 19532
344 20203
345 20010
346 20320
347 19110
348 20849
349 19611
350 19763
351 18167
352 19060
353 18960
354 20990
355 20760
356 20320
357 20129
358 20151
359 20850
360 20896
361 20503
362 20631
363 20880
364 20740
365 20820
366 20110
367 20760
368 21230
369 21687
370 21503
371 21320
372 21390
373 21230
374 20718
375 20552
376 20900
377 21140
378 21117
379 20953
380 20880
381 20760
382 21390
383 21589
384 21881
385 21950
386 22090
387 21670
388 21490
389 21030
390 21910
391 21577
392 21052
393 21831
394 21600
395 21870
396 21680
397 21550
398 20260
399 20600
400 20570
401 19920
402 20550
403 19580
404 18650
405 18349
406 18551
407 17810
408 17760
409 17808
410 18482
411 16970
412 17240
413 18320
414 17710
415 19370
416 19030
417 18310
418 18799
419 19951
420 20010
421 20250
422 20428
423 20052
424 20250
425 20540
426 19690
427 19580
428 19370
429 19960
430 19526
431 19883
432 18771
433 18670
434 17766
435 18662
436 18532
437 17700
438 17510
439 18060
440 17920
441 17620
442 17294
443 16556
444 18078
445 18212
446 18330
447 18500
448 18900
449 18600
450 18870
451 20230
452 19637
453 20023
454 19680
455 19720
456 18796
457 17984
458 18450
459 18440
460 19280
461 18750
462 19480
463 18240
464 19490
465 19850
466 20289
467 20041
468 19800
469 19676
470 20262
471 20662
472 20530
473 20550
474 19590
475 19860
476 19260
477 20130
478 20460
479 20170
480 20640
481 21090
482 20685
483 21233
484 20672
485 20680
486 20980
487 20970
488 20959
489 20521
490 21040
491 20910
492 20470
493 20760
494 19700
495 19880
496 20230
497 19960
498 19610
499 19170
500 19376
501 18373
502 18651
503 19690
504 19960
505 19380
506 20280
507 20350
508 20450
509 18660
510 19540
511 20230
512 20140
513 20490
514 19270
515 20800
516 19580
517 19350
518 19096
519 19604
520 20570
521 20390
522 20720
523 20747
524 19802
525 19211
526 19220
527 19536
528 19054
529 18350
530 13210
531 15920
532 12969
533 12981
534 13350
535 16425
536 12199
537 11456
538 11674
539 14336
540 12760
541 13230
542 14620
543 15770
544 17370
545 15790
546 16500
547 16740
548 16020
549 15740
550 16350
551 17807
552 15713
553 17920
554 17380
555 17520
556 16970
557 16450
558 18320
559 17700
560 18490
561 19280
562 18670
563 19350
564 18780
565 19775
566 19335
567 19050
568 18220
569 17614
570 17276
571 19089
572 19321
573 19870
574 17830
575 17270
576 19089
577 19171
578 19400
579 19510
580 18740
581 19310
582 19520
583 19330
584 18270
585 18240
586 18950
587 15640
588 11750
589 9566
590 10952
591 15092
592 19580
593 17750
594 16487
595 17993
596 13500
597 14774
598 16596
599 17139
600 17121
601 17800
602 12440
603 14080
604 13710
605 15270
606 13145
607 12185
608 11909
609 13041
610 12270
611 16420
612 17559
613 13341
614 15260
615 17690
616 17140
617 16130
618 14640
619 16780
620 13257
621 12622
622 11182
623 10829
624 11920
625 16318
626 11802
627 10620
628 13155
629 10472
630 9693
631 12650
632 12084
633 13256
634 18569
635 16361
636 13640
637 9376
638 9302
639 10422
640 11380
641 11125
642 9762
643 9702
644 11731
645 10404
646 10182
647 12483
648 9951
649 13000
650 17025
651 17285
652 13910
653 9120
654 11540
655 12597
656 10812
657 12711
658 10954
659 13306
660 11558
661 16023
662 10319
663 14300
664 13150
665 11170
666 15180
667 15420
668 15400
669 18919
670 16861
671 18570
672 19160
673 19440
674 19200
675 18470
676 14320
677 15337
678 17413
679 10300
680 13370
681 17790
682 14279
683 11701
684 13150
685 15520
686 16300
687 11490
688 15000
689 14215
690 10662
691 13312
692 13111
693 15990
694 12080
695 15210
696 13880
697 10400
698 10005
699 10793
700 12132
701 13230
702 13380
703 14490
704 12919
705 11181
706 10060
707 14450
708 12710
709 12680
710 11270
711 13490
712 12377
713 15333
714 10590
715 16940
716 15520
717 14579
