0 35382
1 42971
2 30604
3 27556
4 14207
5 21907
6 12972
7 40164
8 32918
9 32745
10 23811
11 24609
12 41247
13 11701
14 23007
15 27568
16 19065
17 38970
18 40200
19 30924
20 57850
21 36157
22 23070
23 46671
24 22134
25 18033
26 24273
27 29820
28 15737
29 19494
30 36594
31 17250
32 39037
33 25254
34 32945
35 33671
36 31870
37 25593
38 19800
39 13369
40 44472
41 40190
42 45341
43 36644
44 25954
45 27403
46 26074
47 47713
48 19749
49 25086
50 37958
51 33084
52 27509
53 25856
54 25661
55 28843
56 19495
57 15975
58 29838
59 21036
60 35529
61 15899
62 14763
63 35024
64 39792
65 20588
66 35358
67 28064
68 20388
69 29432
70 30520
71 29324
72 36694
73 30376
74 24900
75 27429
76 44342
77 34502
78 19410
79 33136
80 19123
81 42188
82 25183
83 30135
84 27465
85 21070
86 48202
87 47441
88 19911
89 24665
90 30267
91 28674
92 35401
93 30825
94 20601
95 24065
96 28417
97 30375
98 22582
99 41185
100 28083
101 41254
102 28902
103 31611
104 19982
105 27845
106 31448
107 32518
108 26636
109 37051
110 31686
111 19839
112 29527
113 32286
114 25889
115 17880
116 16520
117 22427
118 25914
119 21711
120 20823
121 31667
122 45352
123 30073
124 41315
125 42459
126 16959
127 30341
128 14917
129 16929
130 30288
131 15348
132 25010
133 29311
134 34578
135 20812
136 26180
137 19791
138 18404
139 42874
140 13387
141 36506
142 18756
143 21191
144 25346
145 35527
146 16900
147 20320
148 25758
149 50772
150 28341
151 21245
152 27282
153 22842
154 31916
155 25478
156 27936
157 15971
158 26386
159 44477
160 29966
161 24786
162 56181
163 39630
164 35135
165 26226
166 29003
167 42572
168 22158
169 13816
170 24403
171 25329
172 29116
173 29140
174 20745
175 25225
176 50610
177 16375
178 39272
179 36654
180 24899
181 31563
182 25872
183 19311
184 25401
185 32791
186 27759
187 27336
188 28212
189 30950
190 35379
191 24707
192 34534
193 27009
194 15002
195 40830
196 15644
197 25828
198 26236
199 25824
200 25302
201 26746
202 30356
203 33290
204 43152
205 25604
206 19226
207 37100
208 31827
209 43622
210 28036
211 25565
212 37401
213 29065
214 22457
215 40938
216 50309
217 31420
218 15321
219 32787
220 37478
221 25683
222 29436
223 35472
224 30022
225 15221
226 25766
227 22944
228 37770
229 42908
230 16270
231 38446
232 29525
233 25724
234 25062
235 20332
236 14416
237 26071
238 24557
239 32126
240 18820
241 23660
242 16128
243 15569
244 24397
245 20692
246 29777
247 17093
248 26721
249 33435
250 38124
251 44738
252 15495
253 36684
254 17061
255 30412
256 48591
257 41153
258 28038
259 31723
260 36189
261 32740
262 25695
263 33375
264 29348
265 31817
266 34685
267 40066
268 35966
269 20460
270 25412
271 23614
272 54045
273 26476
274 16744
275 21251
276 22843
277 28539
278 43431
279 27169
280 29211
281 37296
282 26486
283 51166
284 26023
285 35009
286 22542
287 28000
288 31672
289 46259
290 24649
291 35478
292 23194
293 19686
294 23474
295 39976
296 21020
297 26782
298 28559
299 32396
300 25714
301 21150
302 36334
303 34967
304 19543
305 35530
306 27759
307 13492
308 23265
309 39123
310 13782
311 46395
312 16214
313 20322
314 23461
315 55143
316 29373
317 44778
318 20518
319 20139
320 17361
321 38992
322 32817
323 31476
324 33175
325 15078
326 24242
327 29330
328 25518
329 23915
330 28058
331 25863
332 39906
333 31115
334 43230
335 37354
336 23531
337 15533
338 16409
339 27171
340 27887
341 12442
342 22514
343 48943
344 18014
345 43069
