0 13909
1 14861
2 15960
3 15179
4 14011
5 11360
6 9750
7 13360
8 15830
9 16060
10 16050
11 17170
12 13980
13 11100
14 10300
15 12510
16 14360
17 13180
18 13090
19 14476
20 15244
21 15180
22 16170
23 15853
24 15787
25 16090
26 16650
27 17850
28 16297
29 14173
30 14980
31 13220
32 11240
33 10450
34 13470
35 12270
36 10160
37 8610
38 11560
39 9810
40 11070
41 12850
42 12030
43 11350
44 10094
45 12066
46 16087
47 16677
48 13796
49 12760
50 12830
51 15940
52 18020
53 20420
54 19980
55 19740
56 18120
57 17660
58 14930
59 13033
60 11467
61 12467
62 12073
63 10701
64 12019
65 15800
66 14090
67 15040
68 12484
69 10006
70 10878
71 16252
72 14763
73 10967
74 12106
75 12414
76 9096
77 11034
78 11036
79 9657
80 13717
81 19850
82 18420
83 12684
84 10740
85 11438
86 13427
87 11451
88 11480
89 12910
90 13320
91 18070
92 16110
93 12310
94 11030
95 14960
96 9120
97 10750
98 9980
99 12780
100 10190
101 8887
102 9403
103 10300
104 11627
105 17733
106 18670
107 14497
108 13283
109 13640
110 17777
111 17283
112 20040
113 13277
114 15763
115 17000
116 18160
117 13990
118 14490
119 20290
120 20370
121 17280
122 19280
123 18910
124 17960
125 16750
126 18280
127 17460
128 16780
129 16710
130 16051
131 21137
132 24092
133 23560
134 24090
135 23960
136 23790
137 22230
138 22610
139 23430
140 22258
141 22352
142 22900
143 22530
144 23090
145 23650
146 22390
147 21890
148 23120
149 20678
150 19602
151 20060
152 21430
153 20750
154 22480
155 21928
156 23742
157 23410
158 24228
159 23502
160 24560
161 20259
162 17031
163 12160
164 12659
165 12391
166 15750
167 22269
168 20621
169 19050
170 16009
171 19956
172 13325
173 14628
174 13717
175 14125
176 11920
177 15585
178 15545
179 22978
180 20172
181 16810
182 10950
183 14670
184 18570
185 13255
186 10095
187 11510
188 19389
189 20091
190 20050
191 15910
192 18070
193 19680
194 19369
195 20201
196 20260
197 19519
198 19271
199 15650
200 14130
201 17100
202 21620
203 18740
204 17280
205 16250
206 17240
207 14986
208 16854
209 17530
210 20910
211 21370
212 14370
213 12020
214 11403
215 12677
216 15290
217 12050
218 12730
219 13710
220 11450
221 14330
222 13640
223 10840
224 13170
225 13667
226 10883
227 13430
228 10670
229 17638
230 20922
231 18580
232 13458
233 15462
234 13880
235 13970
236 14594
237 12237
238 14127
239 11906
240 10657
241 14087
242 17592
243 12060
244 13488
245 11992
246 12510
247 13898
248 12202
249 15410
250 15750
251 13815
252 12145
253 13678
254 13417
255 11535
256 13658
257 12827
258 10807
259 11506
260 12542
261 15010
262 12410
263 14300
264 11522
265 17146
266 16042
267 17860
268 15219
269 17631
270 12400
271 11569
272 13086
273 15235
274 20030
275 19425
276 19565
277 16929
278 17291
279 18870
280 17380
281 17350
282 17300
283 18119
284 20111
285 17182
286 15837
287 18357
288 14074
289 16769
290 17851
291 15540
292 16309
293 14761
294 12420
295 15039
296 15241
297 21380
298 21160
299 21260
300 21370
301 22279
302 18971
303 13600
304 14059
305 15227
306 13984
307 17369
308 13241
309 15380
310 16700
311 13320
312 20380
313 22330
314 21770
315 22390
316 21020
317 21970
318 21653
319 22017
320 21470
321 22100
322 23340
323 22287
324 22343
325 22830
326 19617
327 19096
328 18847
329 15770
330 13390
331 14570
332 15750
333 21630
334 21080
335 19547
336 16173
337 16160
338 17350
339 19280
340 19140
341 15090
342 14220
343 17620
344 20950
345 20520
346 16920
347 18937
348 16247
349 20022
350 21414
351 21490
352 20300
353 21830
354 19350
355 21850
356 18167
357 21573
358 21510
359 16720
360 22220
361 21990
362 19240
363 16954
364 18366
365 21700
366 22450
367 22980
368 22890
369 22650
370 23500
371 21480
372 23170
373 22590
374 22220
375 21440
376 23150
377 23090
378 23740
379 23620
380 23790
381 23040
382 23490
383 23710
384 23030
385 23620
386 23460
387 23955
388 23205
389 23608
390 23302
391 23990
392 24180
393 22820
394 21880
395 23650
396 22900
397 23310
398 23600
399 23600
400 23520
401 23520
402 23970
403 23310
404 23370
405 24440
406 24370
407 24570
408 24440
409 24780
410 24789
411 24151
412 24330
413 24229
414 23847
