0 22600
1 23180
2 22470
3 21170
4 21740
5 22200
6 19890
7 20550
8 21270
9 21449
10 21311
11 21460
12 21570
13 21030
14 21360
15 20985
16 21255
17 21690
18 22400
19 22780
20 22050
21 22880
22 23490
23 23040
24 23240
25 24130
26 23450
27 25410
28 25010
29 25420
30 24990
31 24380
32 24589
33 24901
34 24428
35 24322
36 23970
37 23810
38 23410
39 23330
40 22120
41 23950
42 24840
43 24550
44 23560
45 23890
46 23900
47 24280
48 24650
49 24350
50 24430
51 23740
52 22470
53 24030
54 24350
55 24220
56 24780
57 25010
58 24820
59 24910
60 22480
61 23650
62 24420
63 23910
64 25020
65 24730
66 24190
67 24640
68 25360
69 23900
70 23670
71 22890
72 22420
73 22140
74 22540
75 22347
76 23463
77 22300
78 22590
79 22020
80 23070
81 22670
82 23177
83 22883
84 22400
85 22850
86 23010
87 21879
88 21651
89 22840
90 22630
91 23140
92 23340
93 23000
94 23030
95 23910
96 21990
97 22650
98 24930
99 24520
100 25416
101 25344
102 24950
103 25109
104 25061
105 22980
106 23900
107 23800
108 24520
109 24330
110 24409
111 24961
112 25210
113 24880
114 25410
115 25170
116 25360
117 25140
118 24870
119 24259
120 23731
121 23170
122 22720
123 23620
124 23520
125 24010
126 20729
127 20811
128 20808
129 23092
130 21090
131 20840
132 21900
133 22760
134 22550
135 22088
136 22022
137 22340
138 22290
139 22550
140 22180
141 23044
142 23236
143 22840
144 22880
145 23550
146 22490
147 22550
148 23530
149 23579
150 22201
151 21200
152 23010
153 22970
154 22780
155 23060
156 21230
157 22520
158 22098
159 22492
160 23380
161 22810
162 22730
163 23870
164 23510
165 21660
166 20730
167 21290
168 21350
169 21970
170 22720
171 23890
172 23589
173 22601
174 23370
175 22730
176 23920
177 22590
178 22720
179 22180
180 22620
181 21779
182 21201
183 20800
184 21350
185 21640
186 21350
187 22160
188 23419
189 22771
190 22598
191 22662
192 22857
193 22663
194 22960
195 22010
196 20480
197 21308
198 21652
199 22427
200 22493
201 22250
202 22910
203 24300
204 24290
205 23073
206 23287
207 23620
208 24060
209 24440
210 24880
211 25329
212 24961
213 24080
214 23510
215 23140
216 22800
217 23330
218 23930
219 23850
220 23159
221 23751
222 24140
223 22940
224 22560
225 22860
226 22530
227 23069
228 22391
229 22550
230 22920
231 22100
232 22300
233 22660
234 23150
235 22290
236 21408
237 20992
238 21927
239 21073
240 22360
241 22790
242 22754
243 23145
244 23251
245 23390
246 22370
247 23750
248 23680
249 24300
250 24210
251 24290
252 24068
253 23902
254 24450
255 24530
256 23670
257 23760
258 23860
259 22978
260 23012
261 23910
262 24500
263 24700
264 23820
265 24160
266 23459
267 23001
268 24368
269 23892
270 23550
271 23860
272 23840
273 23730
274 23690
275 23630
276 23310
277 23560
278 24130
279 24046
280 24484
281 24810
282 24830
283 24020
284 23807
285 23843
286 24720
287 25080
288 24780
289 23759
290 24501
291 25570
292 24830
293 24830
294 24890
295 24095
296 24605
297 24610
298 26170
299 25580
300 25320
301 25540
302 25510
303 24200
304 24680
305 25190
306 24240
307 24538
308 24092
309 24810
310 24970
311 25200
312 23929
313 24771
314 23878
315 23692
316 24350
317 23730
318 24095
319 24255
320 23090
321 23918
322 23562
323 23390
324 22280
325 22176
326 22804
327 23050
