0 25666
1 17461
2 32396
3 41951
4 25187
5 37155
6 41121
7 40602
8 37898
9 38163
10 27915
11 22772
12 31537
13 29825
14 29741
15 31155
16 31719
17 29359
18 24656
19 30880
20 24495
21 26532
22 30309
23 33969
24 22164
25 31602
26 28829
27 37063
28 29025
29 36068
30 40441
31 35099
32 30084
33 32419
34 30894
35 39884
36 31721
37 32673
38 33640
39 24907
40 32226
41 30049
42 37474
43 31778
44 25682
45 32312
46 24279
47 24545
48 26567
49 29301
50 21880
51 30641
52 26628
53 29285
54 26812
55 27012
56 30029
57 23852
58 42796
59 37181
60 35272
61 24498
62 30842
63 30785
64 37745
65 39437
66 35041
67 27781
68 22898
69 47699
70 32591
71 16143
72 24130
73 26568
74 34032
75 29077
76 27723
77 35519
78 20188
79 25558
80 29474
81 31273
82 28655
83 30405
84 36432
85 28615
86 24898
87 33535
88 38270
89 30993
90 19970
91 29770
92 25489
93 27656
94 41328
95 40275
96 23263
97 30166
98 26070
99 32040
100 22882
101 22844
102 19398
103 34498
104 30900
105 31796
106 28164
107 37408
108 34530
109 33871
110 28642
111 38264
112 22834
113 21172
114 21889
115 16779
116 22335
117 20826
118 28280
119 25722
120 33721
121 46594
122 28138
123 36036
124 28276
125 27078
126 37067
127 26226
128 32549
129 34691
130 22219
131 17969
132 20921
133 29400
134 37541
135 34139
136 30588
137 34803
138 25747
139 27753
140 35223
141 28334
142 19326
143 25219
144 29017
145 32789
146 28093
147 35306
148 35641
149 29812
150 33763
151 25793
152 33168
153 26405
154 31461
155 30215
156 27516
157 28190
158 27541
159 31656
160 38664
161 37531
162 29062
163 29782
164 30270
165 31157
166 26117
167 30754
168 22707
169 19682
170 25201
171 30384
172 30491
173 26353
174 26509
175 28105
176 27812
177 38640
178 28049
179 29756
180 27754
181 36658
182 27730
183 25955
184 31888
185 35983
186 31172
187 37260
188 32953
189 22393
190 23039
191 26800
192 36558
193 35626
194 29566
195 31318
196 34961
197 28002
198 35345
199 34459
200 31821
201 23649
202 30873
203 40137
204 28797
205 32782
206 24767
207 45024
208 35456
209 32844
210 22936
211 29001
212 36437
213 26379
214 32228
215 38216
216 36865
217 26558
218 29480
219 39100
220 33529
221 30389
222 33192
223 26677
224 44092
225 22673
226 18695
227 24577
228 33323
229 25627
230 29202
231 25020
232 22121
233 28062
234 25918
235 29229
236 30342
237 31616
238 34839
239 34230
240 35276
241 17286
242 35125
243 22885
244 36454
245 23781
246 30625
247 20396
248 42006
249 32762
250 27688
251 23631
252 35661
253 23981
254 20574
255 36950
256 27599
257 24755
258 29811
259 35629
260 41388
261 32560
262 24042
263 30306
264 18721
265 26566
266 32117
267 45245
268 36081
269 39114
270 30225
271 39956
272 34265
273 23618
274 28938
275 27407
276 23664
277 35875
278 41486
279 42556
280 31995
281 27794
282 29611
283 32421
284 22829
285 30962
286 36340
287 39519
288 18913
289 25948
290 24727
291 34007
292 29941
293 35668
294 27554
295 27544
296 30017
297 30169
298 31032
299 36242
300 47764
301 24847
302 24224
303 26760
304 21424
305 25143
306 36610
307 37756
308 28032
309 33994
310 29012
311 15314
312 26013
313 35834
314 30475
315 28482
316 36668
317 39780
318 34378
319 35526
320 26354
321 32872
322 32955
323 35068
324 25386
325 29776
326 30242
327 27350
328 31255
