1 9436.0
2 6150.0
3 14786.0
4 10248.0
5 11024.0
6 12581.0
7 6143.0
8 12457.0
9 7152.0
10 13589.0
11 10184.0
12 7396.0
13 11421.0
14 9428.0
15 6588.0
16 10092.0
17 14350.0
18 12468.0
19 7778.0
20 8215.0
21 6131.0
22 10054.0
23 7865.0
24 7974.0
25 10027.0
26 8274.0
27 12364.0
28 7825.0
29 11020.0
30 8801.0
31 5799.0
32 6249.0
33 6243.0
34 13530.0
35 6257.0
36 9888.0
37 7914.0
38 7604.0
39 7609.0
40 12425.0
41 12278.0
42 7040.0
43 8971.0
44 16403.0
45 8426.0
46 7030.0
47 6201.0
48 20038.0
49 11515.0
50 11933.0
51 10785.0
52 10495.0
53 10323.0
54 11857.0
55 12492.0
56 12716.0
57 5662.0
58 8007.0
59 7936.0
60 4390.0
61 11873.0
62 8636.0
63 9751.0
64 7946.0
65 11785.0
66 7071.0
67 5924.0
68 10485.0
69 12058.0
70 14368.0
71 9439.0
72 14811.0
73 8815.0
74 10304.0
75 9851.0
76 16247.0
77 12024.0
78 7642.0
79 7760.0
80 13714.0
81 12647.0
82 9747.0
83 10132.0
84 17117.0
85 6537.0
86 6448.0
87 8556.0
88 13665.0
89 13302.0
90 14666.0
91 8027.0
92 11082.0
93 11275.0
94 12247.0
95 10744.0
96 7098.0
97 8902.0
98 7446.0
99 5779.0
100 15433.0
101 12543.0
102 11306.0
103 15055.0
104 7698.0
105 15025.0
106 8029.0
107 8270.0
108 7982.0
109 8783.0
110 11571.0
111 4407.0
112 10357.0
113 8852.0
114 6828.0
115 11205.0
116 13947.0
117 5109.0
118 8921.0
119 11435.0
120 10620.0
121 10157.0
122 9411.0
123 12397.0
124 10108.0
125 10719.0
126 10192.0
127 11582.0
128 12191.0
129 7734.0
130 14053.0
131 10876.0
132 10196.0
133 14014.0
134 18459.0
135 9890.0
136 9259.0
137 2956.0
138 6310.0
139 18829.0
140 3403.0
141 9677.0
142 12875.0
143 7508.0
144 6904.0
145 11864.0
146 11486.0
147 9393.0
148 7240.0
149 10616.0
150 7826.0
151 11541.0
152 11398.0
153 7331.0
154 9902.0
155 6014.0
156 8338.0
157 10051.0
158 8915.0
159 8571.0
160 7256.0
161 10385.0
162 8410.0
163 10307.0
164 10767.0
165 7277.0
166 6077.0
167 8570.0
168 9796.0
169 8805.0
170 10826.0
171 8564.0
172 4284.0
173 7434.0
174 4112.0
175 5703.0
176 9737.0
177 7844.0
178 6837.0
179 9165.0
180 9693.0
181 14205.0
182 13784.0
183 10741.0
184 6017.0
185 8669.0
186 13519.0
187 13683.0
188 7365.0
189 11362.0
190 7147.0
191 11502.0
192 12721.0
193 10969.0
194 5603.0
195 9927.0
196 12833.0
197 8017.0
198 17162.0
199 11283.0
200 10894.0
201 7941.0
202 4198.0
203 12570.0
204 14518.0
205 8441.0
206 10161.0
207 8691.0
208 10822.0
209 13751.0
210 12866.0
211 12070.0
212 17885.0
213 11368.0
214 7502.0
215 9108.0
216 7834.0
217 11751.0
218 5291.0
219 11890.0
220 14499.0
221 7608.0
222 7981.0
223 10895.0
224 6661.0
225 15692.0
226 17299.0
227 16325.0
228 8670.0
229 21369.0
230 8604.0
231 8499.0
232 11188.0
233 6274.0
234 17340.0
235 11524.0
236 10351.0
237 8504.0
238 12573.0
239 12124.0
240 6293.0
241 16050.0
242 9453.0
243 9220.0
244 6005.0
245 7728.0
246 9880.0
247 5321.0
248 9658.0
249 7287.0
250 15186.0
251 8946.0
252 13797.0
253 6857.0
254 6844.0
255 9027.0
256 12220.0
257 4486.0
258 12525.0
259 9101.0
260 10723.0
261 9562.0
262 10972.0
263 10373.0
264 4768.0
265 10678.0
266 14340.0
267 5820.0
268 8888.0
269 7764.0
270 9019.0
271 13896.0
272 10841.0
273 12401.0
274 6022.0
275 9656.0
276 5714.0
277 11942.0
278 13092.0
279 5121.0
280 9001.0
281 9489.0
282 13018.0
283 8371.0
284 10176.0
285 5938.0
286 7898.0
287 7092.0
288 10954.0
289 9775.0
290 14055.0
291 4580.0
292 9823.0
293 7290.0
294 9028.0
295 10785.0
296 6950.0
297 13386.0
298 3666.0
299 10771.0
300 8400.0
301 13946.0
302 8284.0
303 12310.0
304 11007.0
305 7157.0
306 8988.0
307 8760.0
308 11672.0
309 12170.0
310 11106.0
311 15084.0
312 9036.0
313 12348.0
314 4590.0
315 9792.0
316 11930.0
317 5298.0
318 5574.0
319 11388.0
320 8870.0
321 4022.0
322 7890.0
323 13905.0
324 15753.0
325 8431.0
326 9592.0
327 15015.0
328 9783.0
329 8694.0
330 6777.0
331 6269.0
332 8203.0
333 11854.0
334 7745.0
335 9233.0
336 11337.0
337 7386.0
338 10680.0
339 7463.0
340 12873.0
341 10388.0
342 5627.0
343 9152.0
344 8687.0
345 10988.0
346 11413.0
347 6637.0
348 11656.0
349 10434.0
350 7281.0
351 7029.0
352 10386.0
353 14106.0
354 12315.0
355 8376.0
356 15746.0
357 8939.0
358 11004.0
359 14603.0
360 11232.0
361 12310.0
362 10593.0
363 10057.0
364 8707.0
365 11992.0
366 6983.0
367 10258.0
368 7142.0
369 11659.0
370 9324.0
371 9186.0
372 5663.0
373 5952.0
374 9659.0
375 16430.0
376 15469.0
377 13021.0
378 12016.0
379 7544.0
380 5386.0
381 6119.0
382 12784.0
383 2717.0
384 16076.0
385 7079.0
386 14605.0
387 10081.0
388 11017.0
389 9761.0
390 5344.0
391 11229.0
392 9050.0
393 6703.0
394 12301.0
395 3635.0
396 6861.0
397 8740.0
398 9039.0
399 12465.0
400 8078.0
401 16293.0
402 10490.0
403 12588.0
404 7024.0
405 10669.0
406 6363.0
407 10633.0
408 7479.0
409 8847.0
410 10784.0
411 10962.0
412 15537.0
413 7251.0
414 6223.0
415 12149.0
416 11076.0
417 5936.0
418 15384.0
419 9130.0
420 10277.0
421 5396.0
422 17474.0
423 8144.0
424 5799.0
425 7709.0
426 9726.0
427 9816.0
428 11896.0
429 8890.0
430 3177.0
431 13373.0
432 10765.0
433 9515.0
434 8560.0
435 9372.0
436 10672.0
437 6195.0
438 10272.0
439 13368.0
440 5714.0
441 12413.0
442 9638.0
443 5251.0
444 5010.0
445 6569.0
446 14600.0
447 11970.0
448 7207.0
449 6045.0
450 9269.0
451 7459.0
452 14207.0
453 6496.0
454 10546.0
455 8805.0
456 16351.0
457 8221.0
458 8740.0
459 8787.0
460 9604.0
461 12996.0
462 7920.0
463 9167.0
464 13677.0
465 5954.0
466 7412.0
467 11408.0
468 4542.0
469 12835.0
470 5233.0
471 11868.0
472 10019.0
473 11631.0
474 11718.0
475 9412.0
476 18306.0
477 12234.0
478 13564.0
479 8117.0
480 9127.0
481 12009.0
482 6243.0
483 9166.0
484 10529.0
485 22847.0
486 8731.0
487 4594.0
488 10018.0
489 7472.0
490 10632.0
491 7882.0
492 8356.0
493 9776.0
494 10896.0
495 3846.0
496 8903.0
497 10150.0
498 16368.0
499 6447.0
500 9356.0
501 10326.0
502 11442.0
503 8899.0
504 13733.0
505 9841.0
506 8669.0
507 15285.0
508 8926.0
509 12153.0
510 5765.0
511 17426.0
512 10645.0
513 7743.0
514 10494.0
515 9461.0
516 5247.0
517 9837.0
518 5695.0
519 9537.0
520 8476.0
521 6837.0
522 8212.0
523 9823.0
524 12856.0
525 5635.0
526 10428.0
527 9568.0
528 7534.0
529 8814.0
530 8626.0
531 14898.0
532 12197.0
533 5726.0
534 9044.0
535 6281.0
536 6452.0
537 8024.0
538 7674.0
539 11389.0
540 9383.0
541 18019.0
542 7285.0
543 11333.0
544 18025.0
545 7399.0
546 7177.0
547 9513.0
548 5753.0
549 14164.0
550 11344.0
551 8935.0
552 11417.0
553 7424.0
554 8469.0
555 11202.0
556 7005.0
557 10662.0
558 9498.0
559 9377.0
560 9401.0
561 5801.0
562 11783.0
563 11219.0
564 12024.0
565 7377.0
566 4696.0
567 11492.0
568 11533.0
569 3451.0
570 11760.0
571 10701.0
572 8677.0
573 12102.0
574 8004.0
575 7205.0
576 14542.0
577 10171.0
578 12028.0
579 8073.0
580 9692.0
581 18522.0
582 8426.0
583 11838.0
584 9834.0
585 7459.0
586 4127.0
587 11003.0
588 5066.0
589 9097.0
590 11279.0
591 6500.0
592 8209.0
593 13006.0
594 7954.0
595 12211.0
596 11968.0
597 7956.0
598 7363.0
599 11629.0
600 9593.0
601 6158.0
602 7112.0
603 8414.0
604 10643.0
605 9587.0
606 15998.0
607 12402.0
608 9022.0
609 5085.0
610 11837.0
611 15466.0
612 8282.0
613 9475.0
614 6635.0
615 9222.0
616 4964.0
617 10377.0
618 9659.0
619 11909.0
620 2689.0
621 5080.0
622 14309.0
623 7559.0
624 6722.0
625 7530.0
626 8470.0
627 10339.0
628 9808.0
629 11682.0
630 11353.0
631 9115.0
632 8882.0
633 14735.0
634 11358.0
635 14610.0
636 8908.0
637 7837.0
638 8141.0
639 7345.0
640 12815.0
641 14321.0
642 6265.0
643 16437.0
644 15342.0
645 7711.0
646 12160.0
647 11008.0
648 7534.0
649 13470.0
650 12585.0
651 8940.0
652 9221.0
653 8377.0
654 6589.0
655 8713.0
656 7361.0
657 7380.0
658 13826.0
659 8119.0
660 6509.0
661 6971.0
662 5972.0
663 6835.0
664 6822.0
665 15584.0
666 11035.0
667 16116.0
668 12192.0
669 7826.0
670 8231.0
671 9049.0
672 14387.0
673 8617.0
674 10567.0
675 17802.0
676 7606.0
677 5011.0
678 10153.0
679 9845.0
680 8798.0
681 12153.0
682 10717.0
683 7725.0
684 8446.0
685 13949.0
686 12521.0
687 12586.0
688 10417.0
689 10692.0
690 4408.0
691 12236.0
692 10378.0
693 9928.0
694 10049.0
695 12823.0
696 12220.0
697 7513.0
698 15385.0
699 8473.0
700 12700.0
701 11483.0
702 11780.0
703 9313.0
704 11934.0
705 10265.0
706 6147.0
707 9369.0
708 5033.0
709 12834.0
710 14126.0
711 7761.0
712 14507.0
713 13331.0
714 11023.0
715 9179.0
716 3207.0
717 12078.0
718 14738.0
719 15813.0
720 7683.0
721 8280.0
722 11651.0
723 13188.0
724 11564.0
725 11812.0
726 7551.0
727 18646.0
728 11771.0
729 14313.0
730 5903.0
731 10028.0
732 9678.0
733 9280.0
734 11656.0
735 13136.0
736 8011.0
737 9881.0
738 8764.0
739 5281.0
740 8938.0
741 8024.0
742 9499.0
743 15499.0
744 6141.0
745 9476.0
746 11427.0
747 8162.0
748 8792.0
749 7662.0
750 10821.0
751 6656.0
752 8993.0
753 10727.0
754 15262.0
755 12688.0
756 16747.0
757 11518.0
758 12056.0
759 5934.0
760 13641.0
761 11503.0
762 10105.0
763 11669.0
764 5543.0
765 14753.0
766 11498.0
767 6729.0
768 8324.0
769 5965.0
770 10700.0
771 9422.0
772 18939.0
773 10637.0
774 8235.0
775 8010.0
776 15545.0
777 17017.0
778 9513.0
779 3363.0
780 9506.0
781 9816.0
782 11511.0
783 13130.0
784 9496.0
785 6412.0
786 7073.0
787 8602.0
788 20442.0
789 11135.0
790 11353.0
791 4561.0
792 11798.0
793 11112.0
794 18121.0
795 8923.0
796 9121.0
797 10175.0
798 10582.0
799 4932.0
800 8686.0
801 7640.0
802 9386.0
803 7772.0
804 8463.0
805 12156.0
806 8953.0
807 8610.0
808 6902.0
809 5173.0
810 11108.0
811 6934.0
812 7687.0
813 6815.0
814 10347.0
815 11876.0
816 5181.0
817 7280.0
818 11204.0
819 8290.0
820 7627.0
821 6610.0
822 9380.0
823 11841.0
824 12214.0
825 10286.0
826 9288.0
827 5330.0
828 5687.0
829 11813.0
830 8430.0
831 5983.0
832 5531.0
833 7862.0
834 6319.0
835 15371.0
836 9652.0
837 5502.0
838 15375.0
839 13561.0
840 7742.0
841 5800.0
842 11759.0
843 9496.0
844 7484.0
845 12492.0
846 10501.0
847 15240.0
848 6246.0
849 19602.0
850 13888.0
851 14018.0
852 6342.0
853 12612.0
854 13042.0
855 5087.0
856 7699.0
857 14917.0
858 8661.0
859 6094.0
860 7396.0
861 7557.0
862 6938.0
863 9401.0
864 9917.0
865 7082.0
866 10260.0
867 4048.0
868 7653.0
869 7608.0
870 7003.0
871 8635.0
872 12961.0
873 9113.0
874 16434.0
875 12945.0
876 12485.0
877 6917.0
878 10192.0
879 9094.0
880 6960.0
881 14271.0
882 10375.0
883 9758.0
884 10565.0
885 9018.0
886 8723.0
887 8434.0
888 12142.0
889 10567.0
890 14442.0
891 12425.0
892 7435.0
893 5577.0
894 6241.0
895 13714.0
896 11024.0
897 9682.0
898 8180.0
899 13203.0
900 7615.0
901 12623.0
902 8708.0
903 14830.0
904 13821.0
905 9317.0
906 7466.0
907 8889.0
908 7616.0
909 3806.0
910 9511.0
911 8302.0
912 9359.0
913 10608.0
914 11087.0
915 12058.0
916 11497.0
917 7987.0
918 7845.0
919 8728.0
920 8327.0
921 12785.0
922 5771.0
923 16779.0
924 14697.0
925 8251.0
926 12269.0
927 6243.0
928 7990.0
929 8858.0
930 13142.0
931 5387.0
932 13447.0
933 18856.0
934 11541.0
935 11802.0
936 12475.0
937 6050.0
938 5794.0
939 8541.0
940 12541.0
941 4772.0
942 9546.0
943 12388.0
944 11568.0
945 19207.0
946 9650.0
947 12630.0
948 17962.0
949 7926.0
950 6392.0
951 15828.0
952 2722.0
953 9611.0
954 12644.0
955 11114.0
956 9493.0
957 4672.0
958 4053.0
959 13251.0
960 8373.0
961 16004.0
962 9650.0
963 9097.0
964 14639.0
965 12331.0
966 3015.0
967 11668.0
968 10209.0
969 16485.0
970 12341.0
971 18024.0
972 14858.0
973 10227.0
974 9496.0
975 12061.0
976 7763.0
977 7583.0
978 9175.0
979 12029.0
980 7901.0
981 7606.0
982 8219.0
983 7447.0
984 12128.0
985 12647.0
986 9278.0
987 8393.0
988 8142.0
989 6278.0
990 8179.0
991 6017.0
992 4869.0
993 10088.0
994 10347.0
995 11598.0
996 4041.0
997 12744.0
998 12008.0
999 9531.0
1000 14738.0
1001 9678.0
1002 5277.0
1003 8448.0
1004 9386.0
1005 9279.0
1006 15733.0
1007 9676.0
1008 12854.0
