1 10967.0
2 8563.0
3 10128.0
4 9175.0
5 11353.0
6 12034.0
7 10182.0
8 8907.0
9 10851.0
10 10125.0
11 8950.0
12 9359.0
13 8983.0
14 9101.0
15 9385.0
16 10987.0
17 9130.0
18 10346.0
19 8613.0
20 9546.0
21 16951.0
22 13488.0
23 8644.0
24 9692.0
25 8352.0
26 8356.0
27 11652.0
28 9764.0
29 9097.0
30 10444.0
31 10122.0
32 9244.0
33 11349.0
34 9838.0
35 9898.0
36 10048.0
37 9508.0
38 8745.0
39 9546.0
40 10557.0
41 7923.0
42 8652.0
43 9110.0
44 8518.0
45 9690.0
46 8923.0
47 22812.0
48 10196.0
49 9751.0
50 9454.0
51 12534.0
52 8904.0
53 9241.0
54 9476.0
55 9291.0
56 9598.0
57 7821.0
58 21224.0
59 9955.0
60 9110.0
61 9196.0
62 8231.0
63 13105.0
64 10260.0
65 8525.0
66 10092.0
67 9491.0
68 10309.0
69 9031.0
70 9520.0
71 9694.0
72 8403.0
73 9162.0
74 9714.0
75 10748.0
76 9740.0
77 9467.0
78 10235.0
79 8729.0
80 9065.0
81 10525.0
82 7661.0
83 9473.0
84 8517.0
85 13442.0
86 9184.0
87 10411.0
88 9621.0
89 8631.0
90 9031.0
91 8741.0
92 9481.0
93 10800.0
94 10368.0
95 9050.0
96 8429.0
97 9181.0
98 8301.0
99 9525.0
100 8253.0
101 9270.0
102 9358.0
103 8590.0
104 10006.0
105 10004.0
106 8924.0
107 12376.0
108 9001.0
109 8212.0
110 10025.0
111 8550.0
112 10139.0
113 8759.0
114 9882.0
115 9330.0
116 9241.0
117 9536.0
118 8949.0
119 9086.0
120 10124.0
121 10071.0
122 9106.0
123 9330.0
124 9583.0
125 8171.0
126 13049.0
127 9304.0
128 8355.0
129 10372.0
130 7874.0
131 10328.0
132 9142.0
133 8856.0
134 11949.0
135 12956.0
136 10145.0
137 8996.0
138 10216.0
139 11095.0
140 9973.0
141 9862.0
142 7782.0
143 12072.0
144 10294.0
145 8383.0
146 9278.0
147 9300.0
148 9597.0
149 9034.0
150 8939.0
151 9239.0
152 8407.0
153 9680.0
154 8911.0
155 9860.0
156 9071.0
157 10500.0
158 9684.0
159 8435.0
160 9736.0
161 10189.0
162 9838.0
163 9562.0
164 9194.0
165 9288.0
166 8857.0
167 8745.0
168 9211.0
169 13705.0
170 8506.0
171 10401.0
172 9150.0
173 8121.0
174 8410.0
175 11325.0
176 9978.0
177 12722.0
178 8224.0
179 9452.0
180 10083.0
181 8021.0
182 9316.0
183 9033.0
184 9193.0
185 9213.0
186 10314.0
187 9888.0
188 9698.0
189 8896.0
190 12731.0
191 8945.0
192 21058.0
193 8281.0
194 10873.0
195 8709.0
196 10795.0
197 8890.0
198 8186.0
199 13423.0
200 10483.0
201 9446.0
202 9594.0
203 8971.0
204 10238.0
205 11167.0
206 9480.0
207 10557.0
208 9181.0
209 10396.0
210 13106.0
211 10606.0
212 9768.0
213 9490.0
214 9317.0
215 9641.0
216 13671.0
217 11221.0
218 10801.0
219 9308.0
220 8561.0
221 9555.0
222 9218.0
223 10252.0
224 8061.0
225 9454.0
226 9628.0
227 9643.0
228 10972.0
229 10014.0
230 8957.0
231 9640.0
232 8104.0
233 9722.0
234 9169.0
235 8781.0
236 10223.0
237 9849.0
238 10055.0
239 9480.0
240 10541.0
241 8986.0
242 10211.0
243 9586.0
244 8811.0
245 9851.0
246 8478.0
247 8631.0
248 7824.0
249 9190.0
250 8522.0
251 8783.0
252 9531.0
253 11220.0
254 7894.0
255 12685.0
256 9178.0
257 9730.0
258 10673.0
259 8321.0
260 9327.0
261 8988.0
262 8799.0
263 10469.0
264 8617.0
265 8680.0
266 10452.0
267 9316.0
268 9763.0
269 9205.0
270 9091.0
271 8790.0
272 8406.0
273 8458.0
274 9638.0
275 8068.0
276 8768.0
277 9516.0
278 9853.0
279 9192.0
280 11145.0
281 9880.0
282 8961.0
283 8855.0
284 8139.0
285 9921.0
286 9562.0
287 10979.0
288 9840.0
289 12427.0
290 9336.0
291 10328.0
292 8531.0
293 8877.0
294 13013.0
295 10094.0
296 8297.0
297 9271.0
298 16419.0
299 8542.0
300 9546.0
301 9057.0
302 8180.0
303 8186.0
304 8751.0
305 10514.0
306 9117.0
307 8870.0
308 9127.0
309 8982.0
310 8356.0
311 9616.0
312 8092.0
313 10194.0
314 9308.0
315 9670.0
316 9709.0
317 9458.0
318 10553.0
319 8284.0
320 10069.0
321 9396.0
322 8258.0
323 9680.0
324 10705.0
325 9528.0
326 8605.0
327 10318.0
328 9553.0
329 12664.0
330 10205.0
331 9942.0
332 27570.0
333 9101.0
334 9015.0
335 8580.0
336 9789.0
337 10430.0
338 10080.0
339 9721.0
340 9812.0
341 9010.0
342 8481.0
343 9484.0
344 9700.0
345 9074.0
346 10285.0
347 23171.0
348 9016.0
349 9068.0
350 9740.0
351 9460.0
352 9331.0
353 10010.0
354 24502.0
355 10160.0
356 9301.0
357 9456.0
358 8274.0
359 9328.0
360 9412.0
361 18257.0
362 9815.0
363 8788.0
364 9057.0
365 8813.0
366 13579.0
367 10016.0
368 9255.0
369 9536.0
370 9760.0
371 10894.0
372 10709.0
373 9845.0
374 11029.0
375 11349.0
376 9435.0
377 8359.0
378 8989.0
379 10077.0
380 9045.0
381 9500.0
382 8117.0
383 8625.0
384 9068.0
385 9491.0
386 8168.0
387 10681.0
388 10930.0
389 8539.0
390 12336.0
391 11334.0
392 9263.0
393 9705.0
394 9508.0
395 10270.0
396 9643.0
397 10072.0
398 8443.0
399 9620.0
400 9748.0
401 8986.0
402 9485.0
403 10149.0
404 8213.0
405 8820.0
406 8777.0
407 9023.0
408 10168.0
409 9288.0
410 9693.0
411 8488.0
412 9132.0
413 8964.0
414 15182.0
415 12774.0
416 9782.0
417 12178.0
418 10872.0
419 9865.0
420 11872.0
421 10507.0
422 10323.0
423 9585.0
424 9112.0
425 8556.0
426 11134.0
427 10257.0
428 9308.0
429 8905.0
430 29599.0
431 8916.0
432 8746.0
433 10726.0
434 10374.0
435 9584.0
436 8704.0
437 10188.0
438 8284.0
439 9534.0
440 9278.0
441 8208.0
442 21008.0
443 8880.0
444 9541.0
445 8805.0
446 9503.0
447 13576.0
448 16543.0
449 8777.0
450 9638.0
451 9424.0
452 18926.0
453 9305.0
454 9526.0
455 8811.0
456 11578.0
457 8158.0
458 8577.0
459 10835.0
460 12094.0
461 9655.0
462 8165.0
463 9440.0
464 9583.0
465 11195.0
466 8487.0
467 9826.0
468 9697.0
469 8365.0
470 11123.0
471 10203.0
472 8382.0
473 10824.0
474 9918.0
475 9891.0
476 8823.0
477 8934.0
478 8526.0
479 10229.0
480 8014.0
481 9619.0
482 9714.0
483 9747.0
484 9015.0
485 7828.0
486 11195.0
487 8093.0
488 11711.0
489 11753.0
490 14556.0
491 9139.0
492 8732.0
493 9394.0
494 8902.0
495 10079.0
496 8937.0
497 12755.0
498 7986.0
499 7615.0
500 9838.0
501 8664.0
502 9680.0
503 10143.0
504 8834.0
505 9303.0
506 10650.0
507 11336.0
508 8508.0
509 9244.0
510 8393.0
511 8311.0
512 8841.0
513 9075.0
514 9344.0
515 9137.0
516 9344.0
517 8915.0
518 9481.0
519 8976.0
520 9114.0
521 10284.0
522 9299.0
523 9312.0
524 10856.0
525 8250.0
526 10978.0
527 8797.0
528 10563.0
529 10840.0
530 9070.0
531 13376.0
532 10872.0
533 8386.0
534 8237.0
535 10391.0
536 9697.0
537 8024.0
538 9166.0
539 8876.0
540 11545.0
541 9232.0
542 10416.0
543 9975.0
544 12195.0
545 8919.0
546 11672.0
547 8507.0
548 9260.0
549 9584.0
550 10535.0
551 8943.0
552 9565.0
553 10003.0
554 10235.0
555 9910.0
556 12180.0
557 10427.0
558 8983.0
559 8825.0
560 9257.0
561 8510.0
562 8558.0
563 8677.0
564 9490.0
565 11373.0
566 10473.0
567 12378.0
568 8184.0
569 11964.0
570 12169.0
571 10182.0
572 10210.0
573 10262.0
574 10049.0
575 11782.0
576 8453.0
577 9795.0
578 9185.0
579 9249.0
580 8752.0
581 8281.0
582 10599.0
583 13929.0
584 10984.0
585 9631.0
586 9181.0
587 9739.0
588 9380.0
589 10218.0
590 9259.0
591 8987.0
592 8702.0
593 8546.0
594 9617.0
595 9219.0
596 8280.0
597 9141.0
598 11942.0
599 8901.0
600 10270.0
601 9155.0
602 8903.0
603 9187.0
604 9678.0
605 10366.0
606 9008.0
607 8696.0
608 8565.0
609 8408.0
610 11145.0
611 9069.0
612 8475.0
613 8742.0
614 15428.0
615 9205.0
616 9135.0
617 9386.0
618 9162.0
619 10018.0
620 21900.0
621 10732.0
622 10443.0
623 14927.0
624 7878.0
625 9729.0
626 9256.0
627 9509.0
628 20168.0
629 9139.0
630 8847.0
631 8439.0
632 8924.0
633 10385.0
634 8774.0
635 13071.0
636 8348.0
637 8505.0
638 8378.0
639 9197.0
640 9135.0
641 9526.0
642 8960.0
643 9452.0
644 11702.0
645 8401.0
646 8714.0
647 11336.0
648 8728.0
649 9090.0
650 10064.0
651 9892.0
652 11418.0
653 8332.0
654 9313.0
655 12277.0
656 11863.0
657 11018.0
658 11036.0
659 9334.0
660 9965.0
661 10155.0
662 9357.0
663 8602.0
664 9045.0
665 8981.0
666 8878.0
667 9616.0
668 9934.0
669 10109.0
670 9505.0
671 10204.0
672 10686.0
673 8423.0
674 10386.0
675 8767.0
676 9055.0
677 8624.0
678 9914.0
679 9045.0
680 8346.0
681 11141.0
682 10284.0
683 8586.0
684 10132.0
685 10472.0
686 13531.0
687 10476.0
688 10935.0
689 9413.0
690 10064.0
691 11218.0
692 10390.0
693 9966.0
694 16753.0
695 9093.0
696 9455.0
697 9046.0
698 10053.0
699 13589.0
700 9848.0
701 13083.0
702 8797.0
703 9907.0
704 9465.0
705 9193.0
706 9713.0
707 9021.0
708 8834.0
709 9142.0
710 8968.0
711 10333.0
712 9804.0
713 12250.0
714 8935.0
715 9994.0
716 9351.0
717 9166.0
718 8489.0
719 11317.0
720 9995.0
721 9070.0
722 9479.0
723 8650.0
724 9575.0
725 8591.0
726 8895.0
727 8797.0
728 10706.0
729 8198.0
730 11751.0
731 8761.0
732 9046.0
733 9354.0
734 9543.0
735 9878.0
736 10303.0
737 8539.0
738 9382.0
739 9601.0
740 10717.0
741 9037.0
742 8289.0
743 10913.0
744 9506.0
745 10478.0
746 8820.0
747 9419.0
748 8361.0
749 9091.0
750 9884.0
751 9182.0
752 10087.0
753 8803.0
754 9640.0
755 9242.0
756 10617.0
757 9589.0
758 11180.0
759 12708.0
760 10261.0
761 8880.0
762 8984.0
763 8826.0
764 14242.0
765 8819.0
766 7888.0
767 10254.0
768 9111.0
769 9585.0
770 10092.0
771 8585.0
772 9729.0
773 8618.0
774 8701.0
775 9678.0
776 10140.0
777 9507.0
778 9223.0
779 9020.0
780 9232.0
781 9118.0
782 8406.0
783 9441.0
784 10109.0
785 10760.0
786 9393.0
787 7973.0
788 9757.0
789 9129.0
790 9250.0
791 9055.0
792 10784.0
793 8373.0
794 8395.0
795 8852.0
796 10320.0
797 8779.0
798 10688.0
799 9691.0
800 10333.0
801 9105.0
802 11665.0
803 9605.0
804 10636.0
805 10921.0
806 9711.0
807 11706.0
808 9737.0
809 13685.0
810 8540.0
811 14789.0
812 10088.0
813 8745.0
814 9586.0
815 7982.0
816 9042.0
817 9713.0
818 8329.0
819 9963.0
820 8069.0
821 9527.0
822 8871.0
823 10290.0
824 9053.0
825 8495.0
826 8643.0
827 9849.0
828 8972.0
829 13520.0
830 8760.0
831 11051.0
832 9812.0
833 9845.0
834 9788.0
835 8435.0
836 9072.0
837 10763.0
838 10539.0
839 11343.0
840 11847.0
841 8408.0
842 10162.0
843 8974.0
844 12072.0
845 9378.0
846 9740.0
847 9337.0
848 9485.0
849 9383.0
850 8572.0
851 10331.0
852 10738.0
853 8063.0
854 8693.0
855 7997.0
856 9236.0
857 9583.0
858 10951.0
859 9725.0
860 10317.0
861 9527.0
862 19101.0
863 8880.0
864 9410.0
865 11672.0
866 10121.0
867 9959.0
868 9275.0
869 9288.0
870 8662.0
871 8942.0
872 9908.0
873 9529.0
874 11843.0
875 9378.0
876 7916.0
877 9258.0
878 8587.0
879 8803.0
880 8770.0
881 9946.0
882 9554.0
883 9322.0
884 10668.0
885 9787.0
886 8667.0
887 8757.0
888 13800.0
889 8626.0
890 7894.0
891 9197.0
892 8254.0
893 10679.0
894 9889.0
895 10122.0
896 10634.0
897 9642.0
898 9583.0
899 11142.0
900 11978.0
901 8651.0
902 9042.0
903 10194.0
904 9115.0
905 8511.0
906 8783.0
907 9597.0
908 9568.0
909 9464.0
910 9077.0
911 9762.0
912 11304.0
913 8532.0
914 9342.0
915 9920.0
916 11154.0
917 8969.0
918 10887.0
919 10291.0
920 21403.0
921 9123.0
922 9319.0
923 15068.0
924 10193.0
925 10929.0
926 12997.0
927 9984.0
928 8992.0
929 13302.0
930 8990.0
931 9675.0
932 9113.0
933 9162.0
934 9638.0
935 10656.0
936 11116.0
937 9092.0
938 8949.0
939 9166.0
940 8864.0
941 12608.0
942 9394.0
943 14797.0
944 9805.0
945 9850.0
946 11768.0
947 9455.0
948 8204.0
949 9252.0
950 8559.0
951 9610.0
952 9666.0
953 11241.0
954 9251.0
955 8626.0
956 8722.0
957 9598.0
958 8851.0
959 9468.0
960 9047.0
961 8969.0
962 8969.0
963 9193.0
964 10732.0
965 9408.0
966 9316.0
967 9016.0
968 12840.0
969 9923.0
970 8507.0
971 9439.0
972 10984.0
973 8784.0
974 15258.0
975 9017.0
976 9129.0
977 13278.0
978 8382.0
979 8796.0
980 10758.0
981 8906.0
982 9797.0
983 10680.0
984 8578.0
985 9434.0
986 9601.0
987 9477.0
988 8519.0
989 25844.0
990 9545.0
991 8159.0
992 8968.0
993 10155.0
994 8631.0
995 9110.0
996 10465.0
997 10029.0
998 8479.0
999 9725.0
1000 10257.0
1001 9020.0
1002 8741.0
1003 8412.0
1004 9756.0
1005 10352.0
1006 8891.0
1007 8300.0
1008 8504.0
1009 10303.0
