1 9908.0
2 10044.0
3 9979.0
4 9765.0
5 9979.0
6 10016.0
7 10019.0
8 9998.0
9 9906.0
10 9982.0
11 9973.0
12 9937.0
13 9836.0
14 10008.0
15 9872.0
16 10268.0
17 10045.0
18 9954.0
19 9936.0
20 10040.0
21 10037.0
22 10065.0
23 10070.0
24 9906.0
25 9901.0
26 10044.0
27 10014.0
28 9903.0
29 9953.0
30 9870.0
31 10096.0
32 9963.0
33 10071.0
34 9950.0
35 10127.0
36 9850.0
37 9885.0
38 10136.0
39 9866.0
40 9975.0
41 9971.0
42 10008.0
43 10027.0
44 10030.0
45 9882.0
46 9854.0
47 10071.0
48 9954.0
49 9983.0
50 9884.0
51 10016.0
52 9987.0
53 9992.0
54 10110.0
55 10067.0
56 9893.0
57 9982.0
58 10044.0
59 10031.0
60 9868.0
61 9989.0
62 10135.0
63 10020.0
64 10083.0
65 9807.0
66 10037.0
67 10043.0
68 10089.0
69 10158.0
70 10043.0
71 10103.0
72 10059.0
73 9911.0
74 10047.0
75 10009.0
76 10231.0
77 10043.0
78 9889.0
79 10009.0
80 10128.0
81 10077.0
82 9938.0
83 9888.0
84 9808.0
85 10015.0
86 10061.0
87 10036.0
88 10023.0
89 10000.0
90 10114.0
91 10028.0
92 9785.0
93 9981.0
94 9939.0
95 10067.0
96 10104.0
97 9858.0
98 10036.0
99 10056.0
100 10011.0
101 10263.0
102 10286.0
103 10019.0
104 9945.0
105 9974.0
106 10049.0
107 9905.0
108 10129.0
109 9893.0
110 9845.0
111 9903.0
112 9988.0
113 9995.0
114 10145.0
115 9946.0
116 10073.0
117 10035.0
118 10055.0
119 9981.0
120 10190.0
121 9948.0
122 10026.0
123 10117.0
124 10053.0
125 9959.0
126 10000.0
127 10096.0
128 9814.0
129 9907.0
130 10042.0
131 10084.0
132 10237.0
133 10144.0
134 10069.0
135 9970.0
136 10102.0
137 9922.0
138 9861.0
139 9987.0
140 10093.0
141 9890.0
142 9879.0
143 9872.0
144 10010.0
145 10123.0
146 9974.0
147 10087.0
148 10086.0
149 10007.0
150 10013.0
151 10279.0
152 10043.0
153 9941.0
154 10031.0
155 10040.0
156 9877.0
157 10038.0
158 10107.0
159 10032.0
160 9963.0
161 10005.0
162 9928.0
163 9965.0
164 10052.0
165 9799.0
166 9921.0
167 10093.0
168 9971.0
169 9943.0
170 9778.0
171 9932.0
172 9847.0
173 9841.0
174 10048.0
175 9908.0
176 9893.0
177 9912.0
178 10045.0
179 9933.0
180 10001.0
181 9859.0
182 10068.0
183 10020.0
184 9860.0
185 9870.0
186 9888.0
187 10029.0
188 10125.0
189 9831.0
190 9952.0
191 9960.0
192 9997.0
193 10051.0
194 9944.0
195 9818.0
196 9996.0
197 10061.0
198 9792.0
199 9983.0
200 9865.0
201 9908.0
202 10016.0
203 9899.0
204 10103.0
205 10026.0
206 9972.0
207 9970.0
208 9816.0
209 10068.0
210 10144.0
211 9986.0
212 9998.0
213 10007.0
214 9875.0
215 10061.0
216 9988.0
217 9958.0
218 10182.0
219 9890.0
220 9912.0
221 9933.0
222 10135.0
223 9989.0
224 9996.0
225 10036.0
226 10056.0
227 10263.0
228 9912.0
229 9953.0
230 9920.0
231 9771.0
232 9831.0
233 10058.0
234 9921.0
235 9980.0
236 9895.0
237 9979.0
238 10063.0
239 9908.0
240 9833.0
241 9962.0
242 10047.0
243 10010.0
244 9985.0
245 10092.0
246 9949.0
247 10068.0
248 9945.0
249 10014.0
250 10091.0
251 10038.0
252 9922.0
253 10061.0
254 9908.0
255 10129.0
256 10035.0
257 9986.0
258 9970.0
259 10008.0
260 10206.0
261 10053.0
262 10021.0
263 10031.0
264 10111.0
265 9907.0
266 9980.0
267 9920.0
268 10220.0
269 9922.0
270 9898.0
271 9923.0
272 10211.0
273 9939.0
274 9857.0
275 10046.0
276 9926.0
277 10178.0
278 9778.0
279 9861.0
280 9890.0
281 9924.0
282 10041.0
283 9852.0
284 10080.0
285 10014.0
286 10044.0
287 10130.0
288 10079.0
289 9957.0
290 10197.0
291 9990.0
292 9845.0
293 10158.0
294 10119.0
295 9966.0
296 9987.0
297 9858.0
298 10099.0
299 9988.0
300 10066.0
301 9994.0
302 9913.0
303 10011.0
304 9912.0
305 10188.0
306 9951.0
307 10030.0
308 10108.0
309 9860.0
310 10064.0
311 9791.0
312 10022.0
313 9837.0
314 10136.0
315 10158.0
316 10111.0
317 10136.0
318 9969.0
319 10138.0
320 9840.0
321 9989.0
322 10037.0
323 10051.0
324 10169.0
325 9849.0
326 9980.0
327 9759.0
328 9940.0
329 10003.0
330 10158.0
331 9891.0
332 9940.0
333 9856.0
334 9934.0
335 10100.0
336 10130.0
337 10104.0
338 9990.0
339 10021.0
340 9984.0
341 9981.0
342 9991.0
343 9997.0
344 9993.0
345 10000.0
346 10089.0
347 10049.0
348 10062.0
349 10027.0
350 9974.0
351 9976.0
352 10100.0
353 9968.0
354 9985.0
355 10011.0
356 9950.0
357 9979.0
358 9893.0
359 10017.0
360 10120.0
361 9830.0
362 10018.0
363 10076.0
364 10162.0
365 10034.0
366 10098.0
367 9981.0
368 9895.0
369 10213.0
370 9907.0
371 10130.0
372 9929.0
373 10050.0
374 10044.0
375 9985.0
376 10023.0
377 10011.0
378 9912.0
379 10028.0
380 10039.0
381 10076.0
382 10031.0
383 10016.0
384 9955.0
385 10070.0
386 10102.0
387 9946.0
388 10002.0
389 10042.0
390 9935.0
391 9836.0
392 10115.0
393 10022.0
394 10014.0
395 10027.0
396 10141.0
397 10100.0
398 9961.0
399 9967.0
400 9997.0
401 10165.0
402 10022.0
403 9850.0
404 9912.0
405 10018.0
406 10043.0
407 9946.0
408 10148.0
409 10083.0
410 9877.0
411 10039.0
412 10097.0
413 10007.0
414 9843.0
415 9991.0
416 10139.0
417 10119.0
418 9774.0
419 10012.0
420 9802.0
421 10107.0
422 10238.0
423 9877.0
424 10052.0
425 9947.0
426 9933.0
427 10041.0
428 9946.0
429 9877.0
430 10048.0
431 9988.0
432 10105.0
433 10134.0
434 10141.0
435 10195.0
436 9886.0
437 9918.0
438 9865.0
439 10085.0
440 10076.0
441 10073.0
442 9960.0
443 10004.0
444 10059.0
445 10204.0
446 9962.0
447 9884.0
448 10052.0
449 10048.0
450 10125.0
451 9977.0
452 9790.0
453 9847.0
454 10016.0
455 9837.0
456 9963.0
457 10153.0
458 9932.0
459 10062.0
460 10061.0
461 9792.0
462 9904.0
463 10016.0
464 9938.0
465 10082.0
466 9901.0
467 10066.0
468 10001.0
469 9905.0
470 9899.0
471 9897.0
472 10063.0
473 10017.0
474 10017.0
475 9948.0
476 10074.0
477 10100.0
478 10072.0
479 9957.0
480 9914.0
481 9931.0
482 10110.0
483 9976.0
484 10078.0
485 9998.0
486 10060.0
487 9944.0
488 9904.0
489 10054.0
490 9836.0
491 10045.0
492 10003.0
493 9941.0
494 9842.0
495 10064.0
496 9991.0
497 10127.0
498 9965.0
499 9884.0
500 9973.0
501 9968.0
502 9963.0
503 9988.0
504 10082.0
505 9887.0
506 9894.0
507 10118.0
508 10020.0
509 9990.0
510 9920.0
511 10095.0
512 9870.0
513 10136.0
514 9966.0
515 10089.0
516 10052.0
517 10002.0
518 9988.0
519 9998.0
520 9741.0
521 10029.0
522 10027.0
523 10082.0
524 9987.0
525 9994.0
526 10059.0
527 9979.0
528 10017.0
529 10095.0
530 9909.0
531 10019.0
532 9998.0
533 10017.0
534 10006.0
535 9797.0
536 9992.0
537 10078.0
538 9956.0
539 10008.0
540 9961.0
541 9865.0
542 9977.0
543 9995.0
544 10115.0
545 10091.0
546 10109.0
547 10052.0
548 9964.0
549 9981.0
550 9972.0
551 9979.0
552 10017.0
553 9984.0
554 10040.0
555 10013.0
556 10023.0
557 10078.0
558 10226.0
559 10010.0
560 9954.0
561 10100.0
562 10030.0
563 9945.0
564 9764.0
565 9916.0
566 10001.0
567 10006.0
568 10097.0
569 9997.0
570 9807.0
571 9943.0
572 10069.0
573 9884.0
574 9957.0
575 10192.0
576 10069.0
577 9966.0
578 9944.0
579 9970.0
580 9984.0
581 9996.0
582 10021.0
583 9908.0
584 9912.0
585 10041.0
586 9937.0
587 10143.0
588 10040.0
589 9870.0
590 9976.0
591 10002.0
592 9941.0
593 10032.0
594 10011.0
595 10016.0
596 9938.0
597 10154.0
598 10028.0
599 10178.0
600 10194.0
601 9966.0
602 10068.0
603 9825.0
604 10028.0
605 9953.0
606 10221.0
607 9843.0
608 10175.0
609 10098.0
610 10265.0
611 10006.0
612 10137.0
613 9962.0
614 10014.0
615 10064.0
616 10013.0
617 10032.0
618 10024.0
619 9963.0
620 9837.0
621 10099.0
622 9946.0
623 9895.0
624 9960.0
625 10084.0
626 9999.0
627 9903.0
628 9801.0
629 9957.0
630 10051.0
631 9971.0
632 9906.0
633 10152.0
634 9815.0
635 9906.0
636 10146.0
637 9987.0
638 10096.0
639 9973.0
640 9999.0
641 9837.0
642 10012.0
643 9975.0
644 9978.0
645 10002.0
646 10084.0
647 10274.0
648 10044.0
649 9836.0
650 9953.0
651 10056.0
652 9957.0
653 10056.0
654 10034.0
655 10073.0
656 10067.0
657 10017.0
658 10118.0
659 10016.0
660 9990.0
661 9893.0
662 10051.0
663 10108.0
664 10111.0
665 10038.0
666 10030.0
667 10110.0
668 9943.0
669 10082.0
670 9787.0
671 10129.0
672 9696.0
673 10052.0
674 10160.0
675 9995.0
676 10174.0
677 9941.0
678 10131.0
679 9836.0
680 9952.0
681 10034.0
682 10046.0
683 9919.0
684 10098.0
685 10069.0
686 10141.0
687 9894.0
688 9920.0
689 9861.0
690 10061.0
691 10094.0
692 10047.0
693 9823.0
694 9928.0
695 9947.0
696 10106.0
697 10042.0
698 9958.0
699 9947.0
700 10015.0
701 10124.0
702 10053.0
703 10022.0
704 9933.0
705 9944.0
706 9859.0
707 10109.0
708 9993.0
709 10071.0
710 9829.0
711 10075.0
712 9953.0
713 10070.0
714 9951.0
715 9890.0
716 10047.0
717 10089.0
718 9896.0
719 10222.0
720 10048.0
721 10060.0
722 10004.0
723 10005.0
724 10111.0
725 9979.0
726 9976.0
727 10024.0
728 9974.0
729 10115.0
730 10047.0
731 9942.0
732 9973.0
733 9824.0
734 9863.0
735 9948.0
736 9837.0
737 10067.0
738 10110.0
739 9996.0
740 9877.0
741 10130.0
742 10060.0
743 10178.0
744 10055.0
745 9884.0
746 10157.0
747 9904.0
748 10200.0
749 10036.0
750 9821.0
751 10016.0
752 9862.0
753 9996.0
754 10102.0
755 9797.0
756 9761.0
757 10007.0
758 10020.0
759 10073.0
760 10129.0
761 9806.0
762 9914.0
763 10121.0
764 10072.0
765 9949.0
766 9818.0
767 10023.0
768 10020.0
769 10002.0
770 9973.0
771 9990.0
772 9863.0
773 9900.0
774 9826.0
775 9862.0
776 10006.0
777 9823.0
778 10049.0
779 10100.0
780 9972.0
781 9925.0
782 9880.0
783 9948.0
784 10001.0
785 10016.0
786 10124.0
787 9901.0
788 10127.0
789 10098.0
790 9723.0
791 10174.0
792 10009.0
793 10111.0
794 10022.0
795 10007.0
796 10018.0
797 10112.0
798 10058.0
799 9980.0
800 10019.0
801 10044.0
802 9910.0
803 10034.0
804 10238.0
805 9996.0
806 10087.0
807 9828.0
808 10122.0
809 9976.0
810 9943.0
811 9991.0
812 9811.0
813 10170.0
814 10049.0
815 10205.0
816 9905.0
817 10064.0
818 9917.0
819 10175.0
820 10037.0
821 9965.0
822 10017.0
823 9924.0
824 9760.0
825 9868.0
826 10132.0
827 9981.0
828 10115.0
829 9955.0
830 9946.0
831 9988.0
832 9898.0
833 10031.0
834 10059.0
835 9976.0
836 10046.0
837 9920.0
838 9953.0
839 10154.0
840 10046.0
841 9878.0
842 9964.0
843 9891.0
844 10186.0
845 10142.0
846 10159.0
847 9948.0
848 10042.0
849 10107.0
850 9830.0
851 10121.0
852 10118.0
853 9874.0
854 10114.0
855 10132.0
856 9968.0
857 9985.0
858 9940.0
859 10158.0
860 10128.0
861 10205.0
862 10108.0
863 9979.0
864 9972.0
865 10233.0
866 10204.0
867 10238.0
868 9991.0
869 10031.0
870 10113.0
871 10041.0
872 9887.0
873 10142.0
874 10019.0
875 9904.0
876 9982.0
877 10118.0
878 10051.0
879 9865.0
880 9974.0
881 9916.0
882 10046.0
883 10036.0
884 9841.0
885 10103.0
886 10111.0
887 10091.0
888 9837.0
889 10223.0
890 9944.0
891 10126.0
892 9968.0
893 9909.0
894 9902.0
895 10035.0
896 10002.0
897 9954.0
898 9978.0
899 9994.0
900 9996.0
901 10086.0
902 10117.0
903 10037.0
904 10059.0
905 9903.0
906 10032.0
907 9951.0
908 10087.0
909 10038.0
910 9931.0
911 9764.0
912 9997.0
913 10005.0
914 9981.0
915 10020.0
916 10088.0
917 9966.0
918 10202.0
919 10255.0
920 9914.0
921 9856.0
922 9907.0
923 9923.0
924 9902.0
925 9729.0
926 9850.0
927 9966.0
928 9978.0
929 10046.0
930 10009.0
931 9887.0
932 9781.0
933 10028.0
934 10079.0
935 9883.0
936 9940.0
937 9952.0
938 10110.0
939 9904.0
940 10119.0
941 9863.0
942 10005.0
943 9978.0
944 10039.0
945 9993.0
946 9870.0
947 9899.0
948 9956.0
949 9911.0
950 9920.0
951 10142.0
952 10078.0
953 10266.0
954 9920.0
955 9966.0
956 10006.0
957 10028.0
958 10176.0
959 10104.0
960 10136.0
961 10100.0
962 9967.0
963 9963.0
964 9910.0
965 9862.0
966 9822.0
967 9951.0
968 9946.0
969 9913.0
970 10097.0
971 10001.0
972 10065.0
973 9968.0
974 9898.0
975 9977.0
976 10004.0
977 10002.0
978 10109.0
979 9919.0
980 10025.0
981 9856.0
982 10161.0
983 9931.0
984 9918.0
985 9788.0
986 9922.0
987 9913.0
988 9799.0
989 9803.0
990 9836.0
991 9880.0
992 9958.0
993 10111.0
994 9994.0
995 9976.0
996 10011.0
997 9946.0
998 9874.0
999 9889.0
1000 10167.0
